60265
775865
994581
831684
319291
233679
691641
333994
121526
137199
443363
795767
855295
15688
553704
31505
710725
674582
483456
656054
432536
723756
591399
815784
774506
55523
2845
630528
286243
485975
200284
591384
341110
101176
667276
970843
108569
164764
639714
253185
932121
584095
748873
247994
727567
363904
16364
64628
682605
708354
432954
583739
600778
563317
289407
930792
871807
739091
360242
399542
135291
735819
422141
464972
720104
106740
443340
103067
784679
489916
180020
723640
607596
571734
786081
745046
115772
708306
663744
554046
462286
961634
361589
516209
978051
427693
443543
444789
752944
613295
597836
683821
421862
434638
681057
964168
221835
836653
565943
783454
513251
753635
620901
577516
880907
930055
877632
802177
895941
659462
285258
922220
350757
73442
782025
960471
481271
22419
370841
748397
303214
208980
888515
420975
607968
398454
276254
339067
747981
786766
14601
806552
673914
197780
717151
16098
496755
813841
24050
722653
783866
595488
390915
333816
681124
925724
272351
13054
927711
546073
779052
200038
486217
659592
311381
570413
147145
59387
744973
474496
838091
441398
146305
818774
160808
40783
469550
527096
616182
578550
392358
629111
177141
202531
596176
971473
548537
950631
390604
227051
237927
558939
720620
146429
587752
441372
730283
703454
479783
839293
146971
919455
368695
996133
839032
757502
438402
313123
571752
473059
99201
22251
401776
927192
22166
914582
809630
898786
707982
777262
31119
402749
136925
837020
373643
298076
902012
922718
483097
412359
171142
715386
717768
240160
209778
864033
985241
16350
480538
863564
3292
507351
799257
702564
24125
444373
889535
31780
577908
395909
226864
72567
738798
116514
83261
646804
422772
526226
291100
725612
80658
724125
897490
160182
502097
255849
951939
864750
366360
907140
985057
873604
537876
180111
432002
863398
86033
247735
2441
957403
25029
663138
386606
393855
356287
4357
375875
151592
869785
338213
426151
326295
903176
138735
503442
992089
587709
51126
766027
118911
546745
391511
821375
171366
365976
915533
750281
204381
535209
604772
52973
71600
477746
167183
90675
984573
931158
471999
445187
766592
703636
203774
43194
950357
453503
486579
583377
578651
530429
791669
429193
922587
469263
700605
833397
418391
925598
645397
700675
514560
363045
6344
750598
522386
567648
888535
800960
717231
70273
993287
42538
945066
891002
139691
419456
874497
373947
235587
830049
32530
590538
73794
978462
488516
717675
316433
590808
892172
676785
735652
117625
538457
289199
36506
843160
665375
662613
152874
228632
377336
603152
143405
567732
241738
784047
662658
564846
183114
225078
790739
627317
791854
748470
668164
101004
766909
335481
768915
43496
222510
993355
115436
245999
775976
120971
241078
162361
517834
594538
785649
827678
73631
845491
299367
233641
491110
517376
429989
843497
918450
889801
808684
279657
496928
220217
340531
841156
177308
913076
7790
974714
231670
682161
571465
842111
756735
959537
167066
974566
516094
54167
582867
9928
801126
259588
336500
69123
101815
437450
433943
762467
61402
740163
980791
515602
343343
177051
441612
126962
793818
372397
256920
778132
607240
976779
535970
280390
737811
581768
608303
124332
998459
805203
994828
892580
968815
444393
251360
708356
94020
878509
23921
500657
414256
883205
631532
218651
640282
268685
147816
79566
57617
600652
339245
252043
135227
601438
699616
933548
176528
813272
78994
615412
398197
846365
574355
937583
87140
138545
643430
964674
369822
413468
283650
120682
879556
450314
388078
304167
684579
539828
49528
739979
148122
116618
105079
146319
704306
270284
481863
124987
692173
989239
148778
672957
380706
644427
966039
245055
401204
633711
352364
959680
167428
121204
522892
575655
934447
198665
932693
183476
161194
872122
954178
608635
611486
235459
746914
24766
760762
253478
119196
692875
205008
710843
250051
810878
857432
107062
132933
607603
623702
346864
196869
311517
870612
621579
414294
367574
791113
122082
842263
207635
200613
486192
214787
463679
959698
933086
109251
442548
249770
639167
680729
479138
586601
27721
115879
462478
152235
663791
900372
531570
396233
370179
548035
737155
841425
481945
759336
791208
12479
596938
406476
531188
159652
580282
521608
373557
857437
977150
353161
685725
82985
595341
148850
345674
444316
822754
569851
556468
250115
227752
381168
832218
486426
285655
940288
277165
340261
520613
899551
225956
740844
432638
538130
956132
502643
652110
113220
245630
453993
393351
152443
157694
789780
806958
788786
364274
40113
530906
942594
334901
472636
56435
322509
461829
720859
741565
721280
425403
213005
72976
906481
227681
763555
22675
779362
781917
333436
927171
288519
226585
655859
878173
182578
131563
238566
370945
783521
738465
871820
241266
275476
728325
998136
970061
218041
250077
387687
20835
2494
679655
349768
822264
389843
70993
6408
220516
882825
559954
649872
122039
282545
10917
817026
360629
597351
809339
924688
47078
571435
968953
73355
972746
895303
147232
223436
11508
413289
437361
393687
230318
64397
599301
503532
846157
630697
950819
983219
279100
812418
486492
263374
513068
797973
326537
358788
434555
478108
928860
953581
345650
421023
512038
137595
369770
375875
25849
797691
199857
721658
892963
450200
681840
455922
663135
439522
72406
976395
309822
782763
545420
66015
670338
549382
373523
159300
281243
781003
35556
757813
613235
605361
684042
654095
419053
631562
895627
65256
605841
461745
665107
936455
492587
35230
959120
349231
107131
557653
693390
779537
167883
788644
951832
46958
445632
421362
650787
592962
795223
166621
137866
121338
790116
736441
466451
210026
609524
763063
803401
560376
966574
828329
226899
92277
723969
562056
736729
704223
750949
436269
926927
369286
425083
799088
32427
673732
890862
764438
524367
874915
221699
32175
97906
506288
326313
131797
29425
507183
990047
592821
619389
72006
714419
14400
829921
170078
607610
569532
295097
993651
332925
384390
984127
58974
724003
860309
195740
184823
962214
47892
563767
323748
221354
883295
610260
918352
284458
439983
73813
572945
791374
539512
607474
334197
134956
713199
461400
718221
814568
594181
219327
806933
929106
633881
899903
278819
566745
642390
660912
713199
690639
188075
380355
706799
769415
76117
362010
754169
20830
904698
733893
32353
941714
844155
838230
685554
204391
981971
123691
269957
655214
431811
592760
483463
735866
14033
198121
761972
629975
694079
426334
784967
249701
413867
684626
188841
103314
257338
860631
965107
927514
13436
619124
867123
872297
800297
470588
91097
768433
264388
401550
693617
437892
45475
783450
342459
702063
185485
799153
467109
344863
804944
575813
703115
240283
431329
445304
557181
633229
963343
184522
980565
694446
126513
391343
720048
950264
852850
269096
619209
126600
807350
57630
594226
660912
876594
824653
915394
227170
773522
594117
947251
799765
306649
892878
395101
976929
541290
467822
81478
547540
786694
385693
751344
652499
254331
803146
242344
795032
294165
55222
980862
766361
813298
684783
690663
62768
413730
425430
399847
593286
490357
42023
324110
617615
21463
629827
354112
104106
665488
975025
170501
694045
231813
484222
911697
734844
927137
260285
543918
42184
87272
499416
597351
514661
446592
407094
607950
100976
830038
482248
594968
858204
709873
43549
486007
386396
45097
326946
140341
595936
379190
372371
733397
146244
566588
956468
510132
395174
832635
83364
370467
857880
947481
867972
653596
324305
618953
861830
450025
166550
638904
329792
612919
199391
777521
223118
256269
411233
252811
380004
828355
17628
853398
527433
444545
708285
848654
68745
323082
371191
180711
75653
972979
11410
662193
317842
72900
397772
643595
558806
619253
295270
359377
486382
563727
139032
734860
260713
491779
954890
373410
196898
637873
171198
328222
681873
657674
603411
491193
180220
558359
924614
767651
534385
979124
644110
52507
862707
934837
771477
828306
327187
73532
956349
139927
338972
616952
252828
935402
474030
291360
208544
710607
844744
698588
392629
835129
960664
602995
9422
707461
628261
624101
323592
706341
672895
426384
955180
51821
824803
313625
300537
134225
183089
912666
954364
745321
463384
872778
472522
434103
50222
761510
572851
102826
799866
150289
363195
510162
614036
328841
298750
110488
653525
881114
49154
373432
596584
389333
659808
485505
762134
903114
595113
157947
106122
351534
872573
554578
115398
203109
416514
240125
341132
713265
128776
865986
969199
696972
460430
803323
104748
230929
761386
170786
121572
469912
139392
257129
193637
557966
270980
186657
414772
24511
382046
441368
574730
361891
660610
930988
822375
885293
477652
617670
215316
176932
942581
810826
45215
176030
272229
31479
626324
210534
186755
769022
604770
195083
644952
801385
806966
264910
688628
856867
649105
265033
935858
478736
443732
726455
805939
930465
718214
228428
280920
521907
54473
55563
914874
10460
415840
332239
203762
584231
407356
316803
140853
565237
185185
624614
862591
410045
346440
698001
230713
520933
516072
595454
496264
654607
825674
461972
261038
676892
101301
938863
785564
234525
570891
182153
585312
424108
780933
973917
37442
53883
381947
911688
104609
421598
315657
527632
260933
113350
100002
115174
496485
937874
461813
277977
287497
980280
93099
404246
160883
208539
99897
713227
901661
489120
337513
480270
178308
489033
357635
240988
793102
144202
930608
382823
515181
221570
482420
373446
222437
276225
189910
578624
411273
502675
751370
312422
598679
6260
117196
615015
417189
492110
319035
305205
172665
629622
363807
362947
690555
719060
640297
191420
390901
155471
29050
191447
989395
43998
616532
752399
194845
823422
239288
234808
252682
157419
426278
90939
963095
823819
102347
570653
289453
260380
655856
853174
457518
423037
834670
580790
163934
67972
772363
416267
511419
379426
825772
334949
878490
809468
671701
890472
843779
880280
867306
531855
119704
941228
102198
320025
654378
108679
453698
49415
367244
265966
514482
606609
67065
722339
776424
529908
674391
294037
757060
875520
664180
320182
74290
625776
1460
540437
662756
878971
273815
805779
664340
235269
882287
567579
248012
591731
521609
883472
227480
705354
518294
402232
573611
669217
186387
735660
352416
137
403360
486771
381691
349137
200851
25148
642645
915715
326324
882364
509973
130918
779018
658823
904980
779939
70316
657510
297402
66947
599073
874125
572544
186035
169040
573411
115654
174952
380770
829280
432200
677461
405869
193089
41724
637815
646306
773606
189358
895754
599000
425387
920836
369319
333690
242496
210763
590462
415949
981200
442530
397088
356005
691253
652681
921623
568335
870371
292046
261686
950306
303108
694944
234136
788506
203544
262300
496551
76675
178352
546631
307409
170832
391828
675943
591430
892952
446762
61365
884121
180324
174970
432490
413184
689072
19719
847110
614790
12938
52141
609766
385251
917627
830132
967114
79112
370443
501153
244375
92607
716114
95540
295441
602434
93088
598140
200791
509417
165220
534892
158018
394086
440762
300215
363773
607077
792431
437661
787642
110328
931196
170993
457314
656570
109167
289202
229594
406457
746420
165443
17349
865017
678026
69638
830598
33860
574762
715255
811152
793746
143713
481906
471757
327952
949145
588968
949006
180436
227935
862589
458027
182385
364994
203065
900439
378697
600415
249007
763598
633938
458603
722127
117467
861562
528516
234905
727673
408491
617981
891509
407559
286356
822270
922819
886434
50526
658124
211974
867632
749314
207576
877926
422078
299236
313687
439588
512343
100636
114179
811954
185189
257397
589333
559188
164463
486460
348672
543529
70215
89234
334078
316940
73033
355755
234385
626162
321630
436472
352621
972112
908452
510625
275086
48558
759861
717711
224118
520856
788286
615039
297602
660997
792878
635633
780015
128490
772816
68289
766290
771683
627780
731605
235543
343984
269551
464741
490452
971860
808048
927894
918604
700286
141615
796657
203853
653932
936850
198154
361252
346557
37414
898786
791354
533021
917455
674442
262854
436296
251838
747700
948326
66538
471711
854489
30149
364067
396983
245949
757852
743190
769478
889748
339236
646793
875702
237626
278682
786214
128184
321275
500080
730091
353689
399445
249827
70217
488615
22858
465684
739411
369653
769982
521248
630848
155374
171985
671194
284182
673832
878344
967938
814367
180067
516326
403580
623198
538230
614474
759388
245704
141797
790210
936969
711553
956202
25304
928604
465350
263981
495225
397177
868154
137794
935968
571567
708108
585369
178247
467560
480020
355984
457518
616779
420206
218736
553270
223913
237006
471117
651794
149695
670278
291960
75814
712348
573754
627108
817220
949842
970346
779192
653069
10775
500372
415300
92889
466282
969756
554874
320587
869390
142521
783176
55418
897031
696296
155131
845340
694280
587127
327738
462026
577758
455186
553560
648226
43462
289184
790602
557282
70089
749288
494952
105738
483191
33077
187332
211090
538202
314945
144871
823501
581834
347824
253987
31526
405269
639645
78591
479713
288789
165303
959662
477874
364874
508562
17297
728213
569717
433581
997819
46742
352776
872676
585351
952437
983754
430909
583510
205445
728066
269780
467506
675895
992612
829889
554725
790467
911411
836518
846194
477618
983050
119757
105202
374657
592290
742408
548045
825682
102109
714101
59917
92802
811118
450716
186164
987333
903659
250507
589644
948886
180861
686016
602348
145863
749489
164106
233961
295881
654087
465207
146424
86603
650334
779499
497925
703844
11162
179967
424213
348053
992832
45027
368862
968295
105969
710656
613119
803341
745351
861484
451237
121432
569433
562198
267731
187661
274243
766985
470680
798434
100533
680645
583216
699008
875421
697736
921561
579392
213546
412977
935041
750404
793478
94387
863366
786137
495402
763185
753094
760721
634271
127474
245623
832596
860017
649786
374385
320582
859427
151683
982991
943211
548178
193926
203156
386759
487640
429458
511180
496884
714994
501027
549517
880409
201529
160029
711988
204084
256475
919599
186438
4452
285020
668342
818202
822455
972358
756836
151319
958722
127191
742815
785828
940349
239412
52339
124877
741618
395021
408349
64813
42673
863993
543469
369355
331039
432903
574150
758233
101340
831097
319197
899549
748487
604621
396269
66723
453779
327697
50708
826358
253968
266582
851769
663886
845568
164801
755820
954902
886405
169203
307709
979713
591728
691093
227473
580233
755972
579969
187376
982053
138128
196057
321659
411587
158142
679962
678560
27337
300322
983511
991473
211263
187024
129954
353576
791301
945380
310385
279426
336932
442486
970710
484856
283275
662309
268674
285172
568577
623494
981321
342802
9292
842444
168049
72304
245796
262715
459643
318981
862385
588161
433990
565021
85130
993175
624778
752438
906082
501350
879830
855178
445313
460826
977273
725541
286784
353442
654945
712539
865123
777494
920732
410364
357360
517427
299204
305114
131407
828175
927697
633222
575369
76242
724430
393064
155009
885073
264737
82844
949162
595047
262427
810113
133613
458293
1333
83758
156555
352795
972547
65387
847567
92306
86704
765976
31496
378515
153600
705336
651148
986503
56128
344432
347202
842748
381364
710078
626982
958820
470130
228370
167477
357525
967229
87032
627009
13517
820102
388934
33441
231992
351445
79413
930277
644591
72223
88022
777044
387865
734904
28631
645376
792539
482353
738158
318491
185972
275125
491763
936705
20948
443292
285635
163557
376334
263299
525540
804415
962204
313923
851402
279613
606285
315554
969076
832232
827046
288356
493667
765493
368700
896062
668425
372883
442104
522992
12805
302252
597390
714436
939719
467321
509575
882892
143219
2767
256704
139355
723348
277567
517036
699470
999283
442895
552092
78355
220052
612700
505983
515297
794578
158616
82214
123690
648074
755239
306384
786987
654119
957307
919607
933323
629042
563055
827525
922347
639907
376935
332026
694706
918709
335053
261752
855800
736241
571134
933308
825987
392476
596297
900780
577462
478384
746388
660081
203293
351648
717822
310116
514671
954887
388862
548656
562263
204547
335584
997989
695554
571070
760628
220539
446097
93943
707140
919482
483195
676288
215063
781645
293464
805262
677413
144884
613996
261573
943506
463099
835387
150340
998904
217877
961152
730173
993296
26280
667276
791600
26667
669229
630971
755917
416167
577435
828153
181547
73474
848287
632144
723758
859306
91606
505128
409737
491579
919887
590220
118164
399891
777634
290119
468853
673973
314370
966187
156002
81055
193433
202358
773818
631977
184980
974423
453287
157196
241281
669458
858962
365466
578448
372138
897389
164981
785248
852492
54928
464230
175790
690662
500461
247891
349956
655429
457101
428401
346864
890426
439585
215855
185522
161743
311844
971999
935651
184572
157181
604374
282801
979855
862174
6772
437964
529280
662712
627614
710500
676952
408004
481534
212822
792396
248107
575805
813948
459217
772055
93382
362583
638906
75892
784714
291295
976702
601924
975659
746323
422428
156596
251031
198071
381928
561802
132364
187619
177283
937558
587235
995896
296343
500653
167403
204690
35569
73181
445517
657743
34487
88576
261266
960317
916834
722288
456048
145713
164713
864995
939998
688191
407971
740919
631868
818523
126342
668719
332398
484180
961589
175444
615042
885628
691984
13360
502437
652791
650052
49946
737954
60422
58300
689068
868432
526025
667553
291826
784113
751705
587568
392578
740610
750870
136010
458052
577859
51343
83316
398096
767196
915518
133998
516063
606994
991713
34092
754492
730645
372805
128505
635033
877937
203888
311457
32428
391322
918185
662727
47335
723406
95293
487417
460597
800664
529195
126336
436410
270721
944605
542643
783952
23405
389163
650074
532292
673205
871074
825423
459820
572204
125412
435904
125202
810910
309076
45559
578997
517265
449924
642348
605415
291205
156085
514901
411775
669018
439695
246682
480548
265447
487867
29652
145674
889963
904330
176739
53834
989148
698689
332998
80968
45896
957895
147998
536061
208082
747859
943750
456197
227705
745598
283549
903957
52662
474576
664293
861743
113727
110416
195409
93799
501399
365089
116779
879755
297206
314101
602696
541312
351564
13970
75555
71291
622563
385363
845975
900885
944853
177560
302999
56199
77417
156724
631563
364201
87342
944294
935183
332831
341752
609754
475164
807979
951702
677114
677765
294877
378585
435137
805672
648199
981191
771427
163986
863513
798186
351190
39565
613166
680198
675106
438176
424438
503351
37837
521752
103290
927298
874952
79737
441930
109089
10731
477545
428382
229790
227405
108194
25709
461403
499749
43771
848682
830112
374017
441567
6733
575027
671998
246590
19173
773569
788720
96061
594914
528237
971499
671633
698490
48079
594098
936420
570597
877173
596377
114599
685393
635672
62712
740157
791777
399592
611529
418638
354342
175249
847577
950876
696034
568585
95433
249267
191680
730876
959043
343464
971430
692759
912010
678275
518251
61992
885329
653468
380585
773517
637050
214950
372354
992188
220789
92443
61280
61440
770786
421536
729321
892268
670174
518396
375792
938347
877859
121767
261743
990089
384451
231752
337121
455165
254477
414357
416230
590046
171925
572836
403377
214668
105333
749756
960300
146235
57248
708995
483490
198265
804320
919362
579615
759635
403069
986678
586739
171884
295283
724729
123968
749392
533592
19446
391963
8919
839413
858981
127474
434810
692297
247324
827174
577438
442144
353895
337604
965213
326907
299633
13634
908995
743254
591789
869861
879929
61550
167630
936852
898848
758923
529525
488375
510096
623929
566764
260656
178582
230903
306000
479771
227054
882214
107540
8457
117199
234792
804455
23687
674783
913882
970717
622157
776681
923148
763427
930943
504166
354223
459686
975803
184308
934205
9853
720230
618382
660337
828659
774821
176143
906221
916141
457595
362166
392116
727210
476414
918851
323890
433707
476446
938510
762688
853469
7629
184221
278849
970653
534987
181679
236119
386468
806694
599636
378182
101258
308049
197323
989225
73043
740797
534015
113435
91947
222759
797204
390389
437619
945320
698625
839589
683705
163528
680728
475966
132212
353579
646529
456297
288960
975789
229618
464768
664409
863714
739908
71710
302671
513090
356463
253823
539318
196618
639493
838355
303964
915754
416753
333112
498932
59618
629633
699206
586927
847237
37882
136523
96688
448290
681443
202082
460993
453728
157788
806874
809948
897576
719380
588990
835763
617332
154903
263382
832505
357414
465019
951100
507577
300133
48469
730608
861188
417135
193263
845399
809723
257077
984421
838192
860260
735851
438756
870024
575765
717842
668531
998009
243474
260980
455292
188647
212259
873049
542756
447850
278348
907720
136495
921326
869853
197552
798713
431511
803479
17496
189751
126891
944254
578743
351165
431154
135621
732215
879783
570530
19933
70476
612128
545388
39443
360134
792803
562385
281966
513840
561002
846474
635605
182466
42189
573506
53729
456144
747705
528751
693472
350897
583700
184453
312341
10619
877926
913581
911160
378625
968235
250243
796289
581990
425879
766594
498481
413872
938318
276767
321182
984641
908459
741407
363430
103081
438692
794988
359115
750004
250902
100462
878695
731852
4888
116694
431281
119567
416016
786487
570696
163867
247034
325376
594957
728017
839285
56184
448924
68562
189623
804081
11877
979974
853974
94319
853094
155258
781598
916209
582993
628135
741588
681708
948126
673584
266161
355853
495217
583175
963594
277853
766571
550534
175888
850772
542980
660871
916881
535876
562249
506581
529491
839915
857519
151305
179419
874357
975884
747347
191711
711677
699960
197218
44292
717679
879539
143480
582889
586300
959735
513478
954973
762571
175217
376030
615092
640033
55332
411696
930439
171879
636523
508279
514796
616376
749634
134338
760812
396800
961605
967541
864441
374494
353017
668418
465922
183611
943536
602439
475742
368181
905768
932158
247789
912519
359406
523080
110077
388126
242596
441070
700523
917864
556918
513015
113025
56993
145519
335343
789490
415161
558384
77755
721842
396573
128123
232970
116293
538963
848566
722875
581469
276360
313823
553698
649839
131409
551011
158356
433369
60107
407841
539777
471334
711200
270935
739335
840315
919049
226810
72011
789921
214288
171112
15129
278641
956663
891400
912793
918174
550599
294750
310039
834303
89983
763003
117882
115727
676707
364976
333062
221372
860323
802335
652722
294623
865965
131926
370562
245808
662216
151323
337365
483635
673506
947735
870957
56951
751797
486827
408402
988092
142705
937178
548315
454931
459604
224231
459007
526746
951994
808518
423305
11741
428381
10392
974612
158807
399612
454701
454010
524125
291461
224668
944078
148890
237170
65845
504062
380999
853326
95425
330613
654104
265300
477642
264547
951277
979148
385157
784863
536605
539945
370582
985795
362911
699991
7624
51331
21596
254185
175064
220204
777710
150129
407650
420167
547592
814504
774038
179307
291789
99885
580005
791447
635742
267506
266359
291060
391318
552291
413895
969352
584880
327614
326753
866205
485129
244276
187721
754652
236737
316984
406219
415842
79008
32825
464004
201725
134532
566924
588395
214089
762782
119546
716074
168850
451491
697280
220541
817076
334296
76028
833073
960071
433367
298888
392603
941428
785264
217724
424346
935710
489747
807980
862266
33400
507938
990496
669880
294769
417346
211612
999046
967249
555412
93143
601031
688177
995253
113450
650130
34413
821145
32190
490053
48298
386113
973264
383298
151496
910821
961845
530599
141326
807636
364015
910339
804123
322018
939007
759185
528214
474716
573388
384146
372937
40178
197358
994427
132363
411230
806497
99140
802209
446942
715072
804745
40522
995850
69919
488082
493035
238830
861034
418801
374390
954102
161583
762181
611686
217774
577458
194758
546436
506667
675394
168946
403156
252513
732906
522247
338016
612881
113167
374742
517180
218589
279162
91392
192737
114683
719436
903101
523068
852386
60271
748088
781999
502879
810037
431250
933175
110238
336102
586683
407416
348623
633173
37246
519779
870531
396898
183707
140147
88636
23986
885801
474854
468330
155718
417723
243063
863423
710323
145635
507971
30393
625719
646282
939275
513411
708525
460564
359580
969697
140621
43033
218636
903808
641393
130963
951717
562658
204527
900277
463116
832244
13684
844911
272056
137909
883309
524031
679356
932233
488065
845649
122491
850765
438941
416470
25315
120914
566547
204336
251443
314836
528131
294683
761273
281573
66245
263612
90659
560557
983714
120021
393454
244300
121347
302549
120396
945860
917773
845643
780183
59037
979569
589261
413345
843666
856421
130412
317420
332710
852671
581196
877541
859654
453826
11667
651574
516665
719631
733190
356114
153015
751373
952854
422745
463630
539882
532095
880030
832984
722519
71310
74969
138556
433550
694162
769858
871612
70847
96172
830595
750035
993460
703014
919852
877142
385471
647605
895551
392390
865988
811112
860167
944458
81819
522349
661041
656387
43783
649492
73352
618531
203618
773484
447845
732933
38508
922695
955695
325270
665697
867041
225205
845260
912477
707429
411772
53700
787507
871141
497812
623279
88522
988983
924734
702703
900805
217258
882894
122555
423674
222962
821504
536235
975601
315184
800480
223921
456949
440678
922342
568011
122679
978019
203656
988267
209163
852913
539108
234988
706281
649392
549143
530624
192527
725388
605136
93911
587235
453532
543947
758015
154420
440322
152922
190207
948579
70320
127926
257665
790209
439057
337865
673116
774407
330521
187270
371778
720100
619840
325204
12931
417226
209967
958404
617874
777978
697209
862437
919071
672474
596101
592233
377519
744275
403905
593193
288986
902943
443783
223267
50271
201823
476640
913053
878757
330443
674518
109176
694128
410280
908402
566214
213342
873723
898223
633560
505767
824488
2453
932395
744203
974473
247168
676886
476875
941145
178224
150460
60121
469454
769795
749583
818988
982627
374667
629600
511339
48848
690344
994717
520869
938233
983942
283456
99579
250500
71670
575696
793516
251213
179793
212505
179919
868725
851974
965556
47265
956245
780669
914615
887419
451384
917741
728509
225432
772742
891361
295206
650757
455707
206276
648348
213630
485857
605555
403639
995080
440412
436904
421078
104287
286142
764412
754008
681327
120717
5617
683359
87939
33917
744600
171932
436997
806080
928684
242346
614229
573925
488630
868033
39039
713841
916751
626977
340346
100348
335860
978999
760014
44811
592785
187457
36147
358304
407722
837784
318437
75190
84856
823513
16580
906266
812797
357482
728584
284814
476257
540966
389038
911084
72354
939429
181415
709796
410826
384487
113430
545337
363680
745520
203351
930556
693209
380
952004
494075
7129
969205
95741
995963
513399
353603
478033
150500
231898
994722
547117
974950
288622
3282
140356
195670
372702
644768
635347
288700
797786
228127
863056
426413
441313
925286
470042
782672
432160
858204
360072
355135
15523
355819
305189
542372
727760
385862
152445
76876
511192
726378
667464
59750
542071
652331
474725
144815
767801
926807
438946
330334
309900
983903
478386
527300
568297
32572
158750
501849
657506
645111
871227
177816
139223
830194
325412
602021
829543
371716
718904
670077
20554
728571
503959
457759
430617
788572
469840
322894
70874
530576
436630
819020
296319
77430
890324
160838
394117
625042
977647
675560
88786
617647
682201
378878
297972
671397
169770
62772
686971
613559
636283
488140
435121
412387
836437
949165
627465
166364
228559
374679
832788
274315
76886
139340
82160
629954
656688
927175
132876
494970
873695
771897
930310
187545
625033
19923
404704
591455
180861
472912
824106
85812
45896
447815
589903
922634
988539
599384
34009
617313
683651
623663
12818
476215
436511
233224
385889
298813
226212
251577
104832
555495
119627
857009
16669
654143
879288
36009
480770
672986
304480
748137
1109
189595
265289
756135
695147
987437
738746
670391
758981
936144
187742
958104
128509
461046
5643
225775
588442
742173
852949
35503
115165
598956
358069
36606
131095
619118
542905
361485
775305
685226
882931
140415
559890
265134
769458
478552
58997
762622
12165
266518
186531
829361
546201
668597
280085
333754
188251
646672
984051
716900
430580
813282
501702
847887
837543
920034
876378
535697
426655
850045
207193
329436
809933
887184
678427
624280
604028
926310
193714
752543
724711
288878
392165
18701
573063
961808
398176
389375
562066
347663
602568
7026
983862
407333
250568
691227
839208
566112
599592
879303
748168
608838
497976
668975
175738
916829
620772
194195
828741
410745
742818
827126
390936
924195
555485
919920
449197
54649
412511
957043
880997
294133
500811
425347
954686
561249
790456
306766
738621
718162
291296
708694
815849
658306
30253
37198
636900
920820
206435
982458
324979
802937
632986
812220
692538
780461
328247
37275
640603
5457
71637
522920
313533
922164
781348
503448
872172
720409
630274
781963
830509
287996
235489
383814
802903
338161
43466
647324
339329
876087
648083
747718
283174
896096
689196
86585
561711
943437
792695
411660
263060
454131
146619
694072
576582
537729
243477
544102
958504
93869
838194
339074
300453
303098
248726
74345
370474
645779
263802
799517
937042
257293
534990
471838
255886
759009
778138
680407
88233
260829
630902
181963
748406
404455
411295
743745
255573
227066
817716
857568
72970
897127
432623
208955
966412
832241
720735
528144
992229
818995
799662
930962
224938
553829
308661
453807
449760
965712
149008
543614
726052
400952
326219
437510
674397
217478
9711
316682
137288
234587
816006
279396
448713
360010
774079
279928
126664
30195
301153
124814
691495
678821
424590
297669
269590
103193
852957
586957
8840
664318
199568
466914
136453
669345
554051
287693
415935
334320
261019
758280
360464
390684
703567
61440
221414
69090
496091
881396
276246
943611
281941
9694
547952
829492
822277
474757
396808
404196
203557
662413
631211
225418
673071
375930
344782
904401
802874
789831
847030
108502
679692
867852
854738
540174
152212
380979
526440
66428
654335
808729
388523
27472
427998
307421
957671
268823
561470
356570
550769
896388
643205
45874
440572
694093
578758
163858
159898
103923
23356
33157
438684
559794
708501
924985
252377
939033
568212
546218
180811
664396
148958
499125
741163
721830
991503
545136
680385
741515
51534
381036
291708
135978
260125
840261
195907
467910
35395
358904
944757
979386
539656
247869
558193
253269
910193
832814
642877
30172
205323
415344
281909
498438
471527
821122
571515
290366
320583
616606
778920
195291
356959
462415
282997
568795
583829
546573
890276
500929
895137
507436
913748
832646
797651
734499
564442
279922
135710
264850
958816
494389
952913
428556
645128
972138
532854
443783
283038
988361
253341
192660
909993
326861
658007
757368
433324
875068
492624
175281
670376
368778
768388
699208
705174
419640
527119
368660
124576
610752
824535
253494
867827
586719
743387
373026
906195
457574
531093
766474
438421
206742
427037
208733
944144
620751
776568
859
507889
234199
714717
794002
156906
73403
138383
539133
550796
617393
412918
962167
169252
194027
848048
538986
778085
389333
254507
586804
967089
622199
333336
873438
328953
720446
21258
493970
259536
777689
667537
105123
356217
19113
361762
987801
976493
828029
535203
747436
842807
348585
419015
515645
216586
974847
904875
605472
851285
575395
491166
937198
73427
44541
103067
346240
320649
166710
549083
809761
353896
720754
880171
188145
832746
635270
210003
654727
692634
293040
402355
158019
375725
45398
168668
402461
586529
324198
284896
886104
494842
687697
413562
549804
500376
610664
652530
87035
785728
67723
922241
852263
82805
963214
247770
791158
378491
713630
997102
798579
520156
129818
499873
746925
841557
403507
428991
468489
269679
799957
426364
905489
164514
168230
598041
285581
726694
119070
891582
181659
249129
693280
437215
247392
229942
941501
460743
202292
67850
737099
824284
758185
67919
712792
75678
31445
89557
763977
771737
270394
909092
57310
853714
26179
915075
159456
788253
152758
898651
874618
305100
7407
920667
889534
61150
881829
912218
308713
324225
294919
933136
28662
5227
439674
377
48014
729088
197260
832455
718661
981956
205804
678022
43343
265154
188088
34268
555600
952386
137008
620826
369102
716764
479572
854071
570204
966789
814726
575346
881627
228584
740580
191264
958569
873019
204383
182130
724087
151509
794845
115767
466619
953103
222758
79043
69296
861833
134910
556392
483347
723968
279353
33965
476845
409822
859915
473474
182232
282120
705541
165848
750527
424724
416837
57900
7964
170281
307537
213489
657793
357558
238581
180839
805654
180812
142855
599479
855290
940167
59935
375584
300830
869990
763390
597899
897347
61580
843226
26528
365730
919216
182149
806945
80629
842434
597788
370816
787689
142763
162481
130221
264431
371282
356802
696949
205589
538702
929905
896503
544330
463688
521093
122912
835300
121028
607857
907676
307393
816200
935087
877019
338230
221276
803924
738303
183709
206005
544249
935932
862749
563674
401218
210925
50527
160728
519231
91912
93461
718599
906046
347453
233299
616346
565269
142793
974766
410875
648093
69416
814485
230684
452181
2265
927966
390666
421572
770576
582913
291210
75288
303892
805368
867944
613034
66551
221892
84634
663698
884147
209389
427904
503404
73081
810292
774031
922672
256318
37634
447321
844246
50003
582546
469021
136972
248637
306813
158280
14473
419316
821425
404983
13000
753201
52879
5414
869328
505445
576240
978869
635883
788655
439589
228468
296458
105451
479889
450619
470849
883300
830784
621570
399525
298504
790099
884844
530319
809594
940764
81803
531244
163744
659135
547586
758900
160682
381568
418961
915453
900365
611044
602164
949053
602965
347239
366365
308917
630591
26592
986870
371221
975521
469355
27477
413388
118383
779110
724732
906606
451603
392162
259783
629846
409257
199327
488350
104941
49454
90897
609429
138388
147405
926453
359235
829656
670007
222867
699212
494225
822675
765351
89039
986873
781514
465627
146501
285486
204670
482124
357750
680113
675996
496644
512308
626536
256855
860129
468355
906386
723627
788295
500802
889928
615985
497598
973892
727156
915416
412251
399150
284535
330857
42885
885923
310562
685465
23286
969100
520001
537520
961391
819874
554970
795606
447801
967990
580934
308403
568135
289733
167745
618482
70448
279538
822046
432508
874054
406669
642703
745037
761546
806373
220515
315373
585759
50793
947720
619911
761441
160574
53986
811861
335407
455814
855332
847331
217365
733337
269104
824560
746268
323969
897184
860545
463796
695703
277252
976740
535319
233188
108781
328321
735703
149504
798634
657072
330348
369567
155583
851677
487795
270894
844313
497054
147562
932382
546183
158260
736369
19405
986018
741555
222578
727113
996260
797352
520596
416732
542801
346365
670310
769687
710277
571539
47800
322236
948109
848994
33533
565342
638698
109973
259434
359820
407599
331120
519683
425892
130624
9286
262190
896940
714201
893451
453184
443750
217959
992580
17055
583091
584479
842937
884188
561229
496869
352006
66734
287087
256940
378496
996371
795450
40147
374809
733691
663381
105366
480516
16728
30052
931583
890106
225248
505469
655754
68505
182083
464097
810996
919471
626450
256410
340193
464171
752643
956678
727896
316874
419129
497629
164523
240994
201635
747190
975984
273859
768588
835202
275017
689177
478378
411306
699593
368757
195146
7321
237132
671879
686305
413488
832254
806526
682116
944388
809859
596885
530682
890070
513180
425465
888170
712177
242145
844948
96461
426461
595809
243430
774715
999396
476018
273121
741543
482026
477704
836643
346813
745688
370568
232671
307122
842562
728828
328197
117659
675767
363953
284986
16936
51932
40747
760374
628422
226831
303524
119308
295149
821687
292700
707634
712333
10174
876894
728359
248709
578530
502149
437444
552739
347915
780510
261605
650830
137015
381840
412855
163809
918393
603617
454494
566731
261913
779854
963159
79167
510101
837930
407685
183675
174839
25723
410431
551126
757672
734325
569084
466488
403058
790846
243010
38202
512065
344433
722834
119368
991701
969092
891375
367255
563307
153181
676908
790014
427511
118925
948146
105464
975048
365799
811505
610759
237341
943699
237414
131419
836577
640166
173688
593962
946047
338268
438362
171944
609406
810213
260211
975404
157768
245846
81424
197132
954387
185962
294961
350973
409480
671157
666409
406929
618429
241963
557014
748502
617119
755568
953223
107436
129134
339644
870632
861057
122944
92760
454375
906600
83836
167207
857298
286755
657151
862125
538465
965998
422406
768923
12757
382129
375441
927619
80366
604799
199917
558469
687878
255652
745530
351287
504595
404373
827975
437232
10397
757608
490602
294513
205722
960142
261458
284444
118756
912320
54771
753494
784817
449486
937933
861184
682473
913518
428232
749663
214617
745312
874047
814938
993339
299324
234629
775187
626828
117156
799692
890282
423792
922415
612128
55141
805321
132706
288931
459521
24953
967909
893147
479761
807992
67757
496533
811564
34022
670407
755197
616267
762071
815042
52918
807390
527360
629432
703984
997995
196231
503907
312342
77362
250260
426531
899393
854746
822940
171919
643728
9054
8270
154620
32739
596557
147602
577628
205281
25794
262787
426531
155629
734622
200441
882427
158294
707416
788510
780184
136763
120654
636748
197930
912137
423463
594295
227697
999897
981724
333807
865186
788003
158752
653063
838714
578974
389710
206157
44584
883456
48922
599243
262148
921677
875000
364371
211752
922615
149131
829282
387965
249172
678017
760649
279403
514465
85261
897963
488658
863075
741461
207778
863171
359638
167690
710155
473841
420356
870307
892104
385017
743135
375894
853453
443978
875590
339369
952469
219049
917982
467300
523763
107195
166737
256798
205244
215302
197969
472911
304575
739610
168026
639162
647448
718860
470500
350996
17844
320982
511032
694705
546594
25681
484148
313387
52961
219545
530363
134483
24432
610770
235725
737280
224358
412332
975356
419209
665045
796520
207758
462809
290749
266151
3782
682466
263762
762228
778596
417380
15351
145478
611282
479155
716882
508972
699740
212580
516011
99862
940725
565732
59395
4209
788013
918676
90836
95198
258127
500092
66202
966655
169294
520436
84717
977664
754998
962992
656512
78148
839457
106593
659976
818458
366788
507733
286636
57792
312597
719766
817067
881581
683492
330822
719664
165380
812217
904693
242614
160911
246688
35353
964320
295646
876126
304222
690979
620712
651847
172477
347949
365679
630049
64006
881498
102272
964551
296876
924561
730719
36044
132188
584081
475781
222875
335175
420775
742609
941592
532480
15054
981024
238641
419126
258235
279917
421132
421308
214341
668695
661768
263998
689546
160491
594448
106762
420273
468474
858426
49336
131793
714663
768942
618382
256203
37268
213659
244928
277783
119435
800366
898992
203877
209289
8383
403923
466380
114231
720864
494014
327295
829639
779566
510930
2597
122586
554291
489598
763525
430253
432737
754003
458443
917391
987041
967209
345989
887131
987785
127619
356470
343962
606494
456532
941773
685185
373698
725625
382461
256645
813826
958972
486173
384703
164982
355185
362737
108999
655274
777070
451883
349324
950745
277771
858897
839546
404584
270965
882713
414327
725994
680989
81135
268070
997521
129509
292753
584063
5948
677929
686369
655143
231189
765571
826363
90911
818287
595807
479703
701461
679518
495351
357833
31153
40205
774112
881737
329267
796030
19912
948567
692073
731970
516562
425669
14970
846279
91007
456780
332071
104197
825918
187937
243840
347178
353093
507725
328909
396462
875222
60924
109085
291167
273327
627589
509688
966339
986489
591497
935177
401074
811031
924573
50567
569140
895086
108320
973663
254305
452650
438774
369609
921460
631607
782594
373866
8375
662909
342771
380376
86890
157244
412943
662264
704869
381435
943330
185288
402953
2808
53647
586641
556456
978299
690449
426031
24110
838492
482360
108647
502362
495038
879736
943437
870534
318387
212474
219465
994238
308578
407357
261427
864042
347436
687898
323743
200472
244169
200372
726756
334015
267943
841783
33179
330138
453952
378982
750150
362260
370393
137170
821302
650611
569083
365555
406063
28316
890762
982646
57878
190396
727095
96630
691541
73220
207699
893020
223576
137581
613017
797521
803038
950729
291296
660648
757659
104867
533499
622568
514254
111720
486949
485700
372918
597171
281456
763730
422758
398359
83362
489702
205784
301808
608191
274139
663566
779353
884160
400260
719848
838604
631791
772933
695620
952848
157831
931494
742932
340591
393682
274975
793941
612985
660022
467932
522656
447797
917575
807753
635854
245743
454299
680742
830627
751403
834717
169395
813232
435845
283796
902529
663506
169274
384951
854200
249435
866933
414304
21615
323372
180929
184375
183599
124857
17739
196125
112325
191635
560511
185755
146434
490045
111906
842360
14640
124293
646250
638115
58340
158670
351211
363875
939314
790832
791356
209794
433798
110626
748177
552855
420507
536663
415637
767262
676716
782377
271079
741532
750465
487209
66049
587957
950916
118978
462995
821297
910898
906920
538395
993490
481146
594697
416247
632204
432921
761333
772034
9968
843656
670887
147130
501718
930167
700993
22455
250999
25122
107909
201224
921963
451831
649767
719095
131084
704389
308698
35546
945444
176986
942132
176519
998801
726056
715997
587704
656912
62398
323822
782520
158918
578849
396647
901913
969460
95414
67691
308505
90775
752269
607691
334840
782507
254491
402243
761583
167810
34584
463127
303431
688760
695177
942178
520061
731931
527543
791323
255063
216145
329163
365793
592156
756385
808291
227185
603124
606024
638113
932241
28137
399709
757835
83681
151750
310525
905880
641502
201203
39106
335203
972722
742092
229327
213065
628876
140307
575799
886590
471527
735353
105925
425307
634081
871870
252778
381401
246514
982368
679304
551107
490423
380500
478668
863411
529696
351197
543850
296022
826258
359570
649433
155796
271015
695888
265293
466755
320549
140033
18147
382270
584131
379847
70794
734211
789216
102364
461096
482157
715924
516681
531672
984842
344183
129569
579690
470317
910829
25015
790568
446842
710644
954971
737675
446038
834622
30570
698570
171863
433356
548584
555732
306382
716930
464004
687508
788952
296647
82219
979580
699743
838273
164269
917320
409733
881854
316299
379865
442269
712335
28969
194834
360010
15374
622458
389530
63678
894153
124431
740336
702884
761172
924443
792548
530266
497473
864932
636408
7243
191281
829454
615227
349955
278423
800924
380244
499422
874348
620695
208812
745469
486974
664890
487054
543192
790677
342440
768318
659388
383082
353143
144479
173847
637802
743774
918124
221084
435054
321925
690604
382079
17243
808202
476279
834170
477511
720155
929229
398349
725837
129934
182103
203931
96319
806377
805750
388364
717263
874771
219414
322769
832908
783003
91711
679580
620931
132458
319531
569927
589815
615912
616297
322230
601919
635263
112845
832011
125452
783289
372871
365889
812147
19186
394275
484800
687720
255018
667597
871067
798150
423406
706418
845309
911551
354904
909267
984080
65805
325786
226453
343908
988691
708836
210801
357533
120619
693310
351971
203669
883013
732789
916900
478229
621323
448637
744542
468752
855555
766105
253829
441423
745786
745779
420099
159841
825738
244068
579048
79165
825450
232948
928973
843671
677824
756996
153215
815335
233155
813999
16792
862644
510200
368805
568347
544341
241285
438822
159448
285504
209636
959769
529728
64691
142019
221514
990708
709085
144782
125452
656022
938973
390755
15237
611279
984259
794246
211489
625941
416822
354369
434317
40519
803821
950421
92937
973617
820772
330431
770306
564629
229339
139105
906341
364133
227475
381376
568226
202026
118649
15138
773338
740684
15783
416163
677077
28842
402144
552930
687989
140232
407268
728796
395697
863993
143264
677245
566731
183219
824354
270707
605693
483594
183383
634977
7627
318587
42007
27905
406357
309735
666528
977158
672726
674559
480613
717610
622969
235259
926859
73813
917209
304756
893910
230766
281849
445708
932434
491052
578179
651438
494894
219691
713112
345130
248436
864610
959405
136682
459492
422246
890062
796394
311421
953168
695929
549137
627244
664694
396442
910955
951042
143085
637052
623510
623843
365714
667753
233846
258256
821889
978678
859215
170075
811467
161713
648013
152772
244161
735902
668506
891242
584427
406378
924269
833452
277431
115915
774899
163260
306870
30252
436063
468946
757732
847720
730249
236529
433838
930476
890029
631292
276017
668294
623399
461242
184449
298688
500730
447258
80085
252605
14909
248098
944033
255249
17139
824571
654050
260571
112544
847702
25770
842405
225615
355969
154782
175078
61695
389173
170264
460143
61002
750243
775972
753877
262228
482521
498508
292016
440880
15292
889618
317079
448217
25483
907064
984879
938885
58594
769452
344937
364694
1017
919987
453534
746140
739927
479989
853436
669619
452679
86350
515651
666392
951052
325945
243779
200700
756668
952983
312816
666398
995469
804608
116234
289725
66393
302470
633562
44808
536502
235833
74307
155475
174893
139846
193704
692603
546282
861013
327071
251973
56188
527382
238180
327861
106984
804338
151972
434384
311076
524958
570762
557925
177874
536670
503253
971301
806628
497061
856882
612234
479379
518507
23692
364811
891683
241661
867969
824722
259180
118660
319290
320161
496034
717479
118301
94875
713688
280555
702700
973861
328795
50176
963397
822279
230141
25945
720329
742284
17653
554535
903785
712401
209065
374660
267157
384444
50459
825026
390024
374839
955285
867539
817596
355653
997682
904244
934216
986952
905017
505189
850762
14653
755275
736387
783016
174767
182696
935171
202756
737967
470407
632390
97048
287484
118292
910320
630494
308167
341708
923572
639303
714601
100967
128958
862851
831825
898262
293310
395869
652383
976379
794256
719741
969911
973451
285225
135661
894795
853448
709818
585453
549908
688828
745753
124091
750452
10615
195931
284622
374225
766508
527874
773122
148533
468315
146582
80587
968341
254142
610438
114409
451957
419605
64177
379945
551483
199946
590808
69914
623482
62511
950216
629967
365302
127414
38419
44765
454375
925837
294437
791680
88895
959294
550919
408349
694736
682642
659271
425520
202850
138350
967452
588333
34555
38897
30151
10467
963075
155377
987685
95514
253271
764123
206273
392706
364176
957453
858780
924287
844786
273944
347480
922200
354250
476236
27946
335817
970532
581118
168558
471298
191705
268124
246154
155914
89347
502931
620242
540570
683526
515561
632262
195187
333092
719856
742282
473793
666398
100704
621804
779236
958703
132114
317645
95046
989836
660521
426471
32888
959959
743545
556241
26848
755031
15327
876936
523049
841535
709242
174810
366093
598842
228996
253041
864543
64384
174397
667883
806502
222033
6616
659941
35584
142638
197628
117591
228231
948878
132741
91191
760118
99746
270613
974508
869092
84175
360120
440559
732140
858713
549737
772021
657887
792760
237365
737664
221874
419935
540314
555613
11389
578868
666296
956628
564286
470454
64318
340023
132951
391340
528326
887274
366104
446255
582097
173972
626236
600973
896570
864638
584348
614517
541193
897030
860900
717687
212104
116204
504957
955120
244946
775106
458451
633799
216820
99503
249283
414803
364310
36892
94353
974401
897265
681820
575118
328429
63011
6984
110707
598369
813798
978888
589083
732981
634764
835515
537471
411992
583798
12896
598294
948962
199923
737580
100281
812241
23083
600223
514477
9685
170017
556590
133376
382108
566997
810140
72814
798228
22890
151844
876217
557945
12667
176110
962083
434039
549574
374231
508409
302192
882721
73151
639188
763561
35216
560270
271789
992625
106248
868671
428546
371264
304122
927399
168494
246001
400170
167227
920895
599726
13741
172980
206192
275830
793870
646455
907794
993241
836697
404335
416386
493661
158955
491635
812946
20947
130126
425437
981243
630870
687445
354356
312603
169138
169745
351670
282434
429961
406982
167001
392743
738991
477046
287947
179146
756816
942123
626787
205147
360533
102779
125278
798118
476829
222226
299124
235267
652273
366654
998473
381568
616813
767223
667238
557091
823409
300103
302637
218098
659037
714814
572466
999519
414229
708997
987524
586501
12504
536274
485805
861593
827425
521392
829338
800752
338953
26001
181658
44692
788938
521913
698566
26284
135928
381560
761495
76946
302668
113718
977016
659271
132376
479524
694724
50799
76179
826363
831840
359130
243424
601072
332524
898371
550073
590540
856820
679315
79621
308487
877986
939587
659727
624495
604495
126901
895866
44558
642817
723613
122292
71826
560879
993800
881528
596877
929023
246981
194835
529286
129945
445713
76001
95189
741415
89897
133337
574982
665400
588029
337381
213220
428011
298846
82285
228725
279052
84930
15628
503553
973892
814787
771442
996913
258422
796372
456024
624976
438564
866259
59245
208047
30792
655045
227064
601105
593195
592199
126048
187943
826818
660255
938903
73567
204980
909594
983889
947353
916782
15993
490135
909518
679043
308995
447021
252861
277687
347334
33134
461126
23940
426624
271204
206982
210035
197840
406916
404305
5577
18344
306035
403813
519382
30182
21072
128955
976461
634780
807303
481970
935212
334678
566333
280523
642019
463058
306764
668318
362070
962653
306609
302139
454955
17490
514580
999365
972524
859190
41213
700822
778814
829903
469056
34509
938210
457063
721377
678693
285171
592828
488133
666235
559739
893876
338618
972424
464539
317297
53981
297049
152140
229359
679139
208851
265029
447967
555044
651590
519887
733231
359095
793539
382306
983730
525066
418427
482136
916496
927451
182881
21268
815470
114438
575009
834982
548258
213033
84696
888014
27430
794904
38979
897618
687685
190440
265882
505884
832237
886844
997940
421209
452178
453704
430479
441108
410075
723065
38268
889883
614836
895615
264704
352600
771294
177597
560050
969994
266702
786806
696670
802770
551606
124515
544508
215364
696072
573340
77884
915454
698011
539979
423251
420024
664550
3479
573916
630846
34742
159355
401682
712001
23404
361803
684740
997579
147094
435865
896418
700512
980922
5872
402795
728078
378402
128193
365217
901888
607924
93109
787186
794767
959882
886568
120552
182404
640220
279057
782664
481444
267097
663783
646978
294158
777337
11917
179000
867414
264617
373158
325079
730120
242974
229042
677064
348616
907486
501258
108149
917702
57645
791584
675004
917880
508531
606923
736307
466045
261359
234221
405510
669995
787139
314959
633518
675017
294042
189876
595579
691496
222084
624962
613637
490905
725762
789286
806599
192936
847610
364664
555136
378893
431459
689726
645969
476773
17788
542388
424742
987487
79054
324634
548637
794976
562147
741012
524921
245518
510704
469638
568378
145744
401349
839233
151661
518977
659441
942082
271122
229250
253517
642939
313835
65872
329306
281157
37285
386607
362263
6696
279927
888413
508378
328297
777078
501827
5118
372677
38239
618640
435382
45256
171491
654020
673118
125152
216919
959164
833156
968370
40575
928246
179139
498236
221199
995183
50685
689200
370144
765164
973120
411880
718203
146823
258072
594208
894140
813219
653407
434401
13711
337828
72961
117391
612522
677700
737259
999529
858325
541439
118227
802362
60835
461384
128578
7380
862428
535178
514817
283993
823897
841535
96315
386049
318021
387738
245449
662325
212473
657108
693851
461426
437733
911714
510389
944259
566322
468321
654760
491801
973794
621029
330089
46558
728008
848650
17478
880206
481149
263643
852126
923929
943531
335431
443784
961073
148813
236121
84234
996949
489170
891855
876467
167803
797116
213595
615592
567803
364886
403835
160808
148869
89625
410098
928019
284766
800067
844377
26989
763275
131859
880581
812036
347442
586836
280207
81508
507185
51129
177578
660735
56929
452375
760849
218215
945975
379314
559194
322973
313018
876971
630254
796098
919247
930874
577282
997628
119750
695035
264218
927829
73315
444073
235293
370903
144304
971007
929995
617745
93038
838387
325513
238115
214756
40719
292230
547207
411457
987645
599528
514711
935031
278810
276081
765308
321811
259236
382735
629830
764562
32476
295783
131147
465339
886993
86874
970222
473460
173624
240872
287889
904291
656458
978292
862843
680768
686023
827168
706667
19052
886455
231720
745659
172232
455827
82542
969948
945400
987812
59344
811797
263290
693684
948939
375845
54783
554402
737629
307342
109070
740482
314048
428526
794609
101001
707297
556454
748489
143312
245903
450166
161712
914157
575212
333749
781486
642602
123830
742645
767641
217920
529201
318966
462672
612820
529472
7269
255642
516375
853403
200919
82458
515517
477098
785678
495114
722083
60394
952672
910808
495101
716700
696329
504130
474587
96669
481251
646332
455325
779912
6125
766116
799918
982009
725524
32666
419493
68292
322726
549366
600787
298785
712070
255410
246468
60844
574246
261219
122059
585091
687590
516181
240871
16896
549421
870133
313286
420643
324673
830105
818408
369064
911882
237267
554149
249892
82633
664710
364162
294751
634773
195175
21425
747058
179694
559753
600627
472188
176583
675471
24800
87866
467828
529493
330455
51053
659492
382431
865454
265965
136893
158981
755794
886434
511177
215193
593018
302487
971876
758614
732155
541924
327846
639200
171867
40281
261048
79207
756574
13787
232754
607680
238152
474131
650526
513403
314479
523739
520777
400722
888941
806894
325185
797844
904119
436748
89122
83820
683520
589733
145293
619273
585738
256876
182964
722859
231381
989266
72816
217901
73818
28161
243241
325948
146964
21537
723881
547723
599019
202993
469696
559393
567830
399278
134706
101060
501588
446309
793420
211151
293123
929179
498440
181162
990812
329842
402030
408091
712975
159298
501262
669084
982164
34305
685521
733674
603854
225937
135985
932794
957567
965507
152128
281256
209429
704417
414316
275200
872359
963530
463611
311147
16742
860679
155605
399431
842272
930293
814339
805974
420787
231876
394732
83544
228880
188548
582326
624674
949063
590639
617732
399700
670824
661561
714710
491244
776120
689221
887630
536424
236643
13927
517547
138890
147966
104026
539983
621649
963892
926065
803129
721658
601063
240780
741395
24447
511731
869851
666350
685002
670130
352932
761065
549412
727634
464717
415568
990071
818469
797131
888024
258293
623181
868370
781513
55304
111370
934508
766099
645279
169092
747462
267681
306175
198903
498962
799643
565538
573589
460069
853104
836092
563399
311779
808222
980516
784267
923511
220724
682137
152404
456022
292374
49314
757460
952859
548991
606623
561398
950971
838528
145376
32045
925729
441797
488245
594536
915123
523666
475396
4655
509396
8925
605167
841381
994126
707709
321699
791402
365618
103039
532016
974736
324787
622772
743147
515655
360413
46534
55405
504073
335792
927214
389998
349553
184317
195419
22457
451928
728364
672210
944294
490620
570513
814164
386072
305579
388889
988581
323613
965365
19334
84564
426994
916276
443403
727631
223290
582149
455373
891417
303478
454282
402814
259937
872380
696578
330806
817640
581114
885320
809206
624914
201331
136096
212617
509592
78406
988022
154343
420924
849866
733087
377439
226442
588481
853222
454058
109558
163753
311215
101634
226209
497509
991492
619593
601329
90127
692506
970350
400090
432837
846476
796970
641873
268903
565427
85118
811160
68215
203306
116549
338867
318703
663795
465322
661487
467924
518930
157630
624065
879026
587467
719699
419772
222457
872090
877784
974000
293550
556771
20636
249680
923775
787078
58953
141100
699140
924092
32718
240263
584236
177125
224581
311362
999228
344887
570928
89834
906852
282480
741357
897657
402791
834573
102922
905952
646587
64649
661403
395072
619681
504798
284711
309918
963257
400844
510434
854899
182596
695322
595748
679714
803649
188280
380893
909420
173783
685189
698736
780558
14001
661780
924959
509924
593031
938551
190350
861805
791354
943897
591948
545510
312337
943102
926214
785574
74029
685635
322610
929687
96752
737382
447075
118523
445934
738472
128110
354130
677378
350695
524337
230619
163090
490354
285395
719231
92425
535812
566352
447034
447392
492761
457946
442921
534001
674197
826855
708757
522568
769990
296062
862248
464671
581161
748253
860815
134624
994453
198308
521752
264051
79689
869537
805373
759231
373536
569765
253412
418357
981153
513203
573966
72716
837092
909092
167520
859824
256046
424697
482802
440387
731988
733672
736762
285653
539656
12179
618834
614858
106003
212619
857163
720081
476589
584390
349124
857051
973356
427604
515764
63301
592810
799405
406538
845737
310068
587147
635634
541221
102464
705074
743002
550580
561401
631783
819768
603710
384140
736063
623254
602118
193242
187063
556466
421412
665473
579365
292412
942270
737986
39309
534467
897052
57063
436519
135614
229067
251612
874930
552882
15527
100179
63110
525564
40423
248647
123015
528654
513166
559317
441559
277581
538268
159527
245975
770716
630482
94881
744096
335554
562961
335015
163033
923837
922824
389273
586366
323191
886498
491955
467923
148355
571305
477673
817374
236684
384137
779261
463918
974538
525323
969777
305563
856855
921638
59473
334816
288435
310339
821693
739568
584067
135245
994552
949844
895290
755808
124663
524126
865522
195461
719816
125505
507326
672253
580
825309
413102
606025
350226
18500
823153
98589
529972
275197
129908
412676
386091
481296
794637
500754
385398
736909
110301
564393
413463
881211
412159
122573
894361
26264
794616
234240
458669
32040
600228
7873
727231
600038
975939
837205
881877
792544
309985
807965
822712
990196
788067
497746
299314
270294
883310
577466
112436
728790
951574
13071
924149
216442
278421
539420
747774
480986
12641
151932
96077
595047
433106
298454
971749
852812
758702
297016
481895
997391
401240
621563
904353
946089
384176
512687
724525
272657
177333
882588
87712
591319
5340
301874
762068
20175
796889
806818
796680
170138
311993
25647
246610
926483
238947
259192
157354
302606
179243
271429
854115
812009
654686
39431
402953
212191
826510
60901
740613
188721
274751
998721
681159
173754
262663
315742
920639
797430
915048
185739
286592
385660
30032
660467
172354
571753
70352
4384
748247
961114
642984
193066
865100
914498
804575
926770
134868
288462
31672
410431
516919
768503
99430
246157
296859
277721
357936
250353
730759
831824
163135
495621
400705
725531
634526
694112
711423
863214
444679
224602
234548
703351
113892
699142
776353
882112
456048
224810
976335
760610
258648
247206
59844
328830
111716
869717
875178
33963
586697
769082
936076
746590
104409
776724
511041
653255
949492
240632
796180
904966
483857
690775
410327
121610
72265
204734
700108
784799
141972
631541
57493
681604
17471
479071
604402
703348
877070
620465
506850
823646
801184
736145
879325
548183
507121
188690
991753
134068
783169
305524
192599
635366
99462
184367
37015
349266
117599
996213
376444
455822
84658
592423
862451
362641
58523
41438
296613
695432
583590
331512
220162
764819
616176
763327
905582
544678
604891
778789
255224
329818
345923
22468
362542
578359
752775
720321
668676
410371
220289
424528
857392
276272
332048
203511
518961
108223
29065
482637
566191
943157
718506
225805
612413
955996
972035
968212
387993
160660
855657
962836
930921
65043
527291
17008
433152
733777
43363
181797
758696
164875
208030
851153
561791
290869
65250
665829
361414
811084
646566
709779
686867
151025
972860
35968
467491
362537
332718
442279
85267
817952
878677
813851
660706
385574
936685
68637
732815
499483
733273
249424
593666
933785
73852
739111
661356
917066
521273
491892
643394
863691
220242
250200
166791
206039
955816
490756
550380
711983
501303
159393
254744
590139
998863
688273
44075
690013
193951
393820
136188
773348
102258
318652
933615
161198
172429
21577
173285
439708
347802
444813
204013
336350
126759
414094
20973
153631
422020
48522
431051
378688
493061
333874
235133
402924
791255
946808
113790
481857
134774
955935
194746
677284
651701
492517
761883
792148
145519
433516
19713
595225
940084
926441
726977
613256
544651
382301
872022
659723
583307
291163
337804
897879
660902
591073
997220
263921
959925
220125
242675
376918
614081
245080
247933
862112
544968
703584
131986
408834
826454
55086
219400
194167
689104
392887
409590
586093
900745
855774
55223
813101
623808
597639
482003
350559
521704
773189
137347
205644
82725
16727
613487
227561
524681
853924
181353
577360
236416
994645
221482
94952
14733
902589
267433
532132
120664
752738
463967
832524
811826
801239
411430
661378
352429
555484
72550
862516
191636
529070
930016
437121
647947
516389
536866
952252
907421
1874
248837
852735
235319
655051
467164
515337
208809
575615
560574
268294
591978
755984
283637
834245
726167
892399
735460
275356
637683
792383
765220
34165
471908
757341
144097
940398
469578
119605
795
322077
347642
187254
151874
132323
295039
898301
306523
148636
782900
578510
943857
689561
170860
154038
369157
127515
10260
758534
252918
714658
920056
907849
779570
54508
462793
729382
950163
370121
344516
466228
150702
647964
600247
527966
24084
877415
241147
784826
825218
989334
266378
386035
774981
741951
678486
824624
647491
31162
611701
41403
790021
827698
226071
66054
436369
568728
455111
807134
602988
440804
697841
574701
491526
555402
675172
928430
207606
942761
983723
325329
775997
206125
688685
306298
367407
914353
7816
96734
591991
248498
654155
668449
718963
761390
413199
755389
559758
937324
911606
495326
184843
447488
731382
929840
826855
454373
179120
806762
820444
432610
206253
635168
540025
858827
20889
761426
725626
856549
554608
509260
253671
593434
713831
377632
712116
583724
453399
115931
356036
13627
521647
382479
145301
414663
464620
537025
965994
151615
169990
342641
872319
608040
697216
155852
433509
440115
263343
376942
943094
178916
465938
194620
76374
472004
513472
20625
768656
308642
738308
213723
20606
264914
64755
556240
896297
593991
408284
191780
117659
495609
171954
598437
107019
498942
422405
613713
553928
412224
551836
984389
569074
315380
106821
14740
187290
145378
159762
444944
278268
339347
430873
398700
613038
594938
876959
495401
540990
997649
105323
899122
527374
927002
287497
746107
693349
976980
62344
488863
951136
696542
23805
289688
368545
135328
404049
406746
642277
151900
129206
64249
948637
178203
840694
877451
588434
549392
294866
197093
63311
754874
552693
826960
371473
964384
726247
405834
87291
370139
95368
539229
442240
297551
679393
456863
450894
437287
135621
770290
681630
449064
486331
371243
24876
588392
386740
538000
984265
680319
488267
637817
75793
198949
214229
712811
540951
335214
856406
195061
798619
911961
638630
749285
867956
956643
462214
706759
589324
275973
719212
64792
733786
462082
747135
752000
192915
581287
133023
886441
502193
733166
504341
214170
337914
112093
841460
947719
560794
710395
883283
121191
171457
920415
269660
722569
389187
602314
306583
819133
396122
678127
183329
422384
823409
4866
601091
866407
65767
832289
157006
263008
890234
991784
303885
511299
978182
619682
761690
785639
256264
634863
902228
688287
872873
883681
849966
632060
403022
239663
727758
900148
488287
894475
894070
91770
132882
155121
511846
977597
638951
806269
285351
240862
163523
886882
167270
148939
559194
231885
645849
90510
920879
122825
335135
349451
163033
483378
62040
342719
687142
324504
662599
144945
665829
239809
870022
395913
402055
880649
432191
224889
358207
821836
360359
710795
662877
460014
552863
263122
103557
166332
242476
960799
450420
473842
274351
410786
174871
708240
793109
44352
377474
194189
921727
542262
339459
234999
137146
207824
290312
324954
312473
516125
273119
116615
760780
472947
398450
513653
573167
196873
754922
350464
811931
638456
982660
860369
813266
292303
503474
4945
771975
507678
419811
461959
200037
726457
54654
274224
701444
951309
278120
703166
400349
120787
369403
598005
260208
645966
562575
139790
462043
627138
713704
231358
517004
260892
652642
228774
248529
134991
134071
62945
547672
225123
397370
767759
759330
689216
983041
975628
517127
66402
407581
363279
908670
213637
916148
482212
807770
29030
14635
113891
257420
630277
107428
1671
190988
504223
232615
883410
498082
460087
307357
886967
565918
545915
649926
214187
89304
793077
680195
829555
720309
649169
105367
344099
793738
691558
567425
608010
340433
693151
566064
541788
875504
474504
736786
532125
480208
460510
646880
100659
461594
727769
3349
794007
662549
713404
693676
67173
36794
20367
612717
951087
239981
800295
731153
81102
842553
310372
608753
46583
55349
875904
135689
447357
176332
136427
24640
61891
972105
836440
152442
957403
783646
380240
549196
102701
120610
409713
655520
713872
795513
241714
492374
400319
534331
973628
682486
456692
499057
324684
888458
222267
696474
898757
305045
24487
9038
320722
693608
481411
867922
206372
842920
805329
220675
286458
458693
445091
734135
935732
128610
694479
306170
802442
204863
692279
629726
596223
512896
141139
363454
114125
124575
9016
465756
642140
10413
980378
737197
770560
932804
459012
768081
696394
749496
147838
304920
432357
672509
893918
601042
690243
656286
367057
769788
801664
222231
859967
123345
373616
923623
301414
943298
148021
905874
938590
648893
125225
623190
731247
765712
114442
771314
97158
583314
127557
943436
46431
730773
927207
503962
318222
712095
665819
463796
519382
995135
812752
796570
565751
419708
918958
674288
61445
149446
705623
840410
24707
641261
632144
734938
500719
55519
595606
767393
121858
337225
120169
370804
829828
356315
807489
962217
297731
704944
469786
488808
914811
511913
429311
618224
625090
190422
780431
111547
823233
114140
94551
425263
143318
430730
402695
927422
557303
961705
353934
952274
333710
742226
608234
156221
548916
963006
353560
761875
691656
942554
241536
86937
895483
972800
987328
733353
536870
262842
798796
828232
601613
814368
17702
582427
519516
209280
11446
328094
729949
399516
608679
679739
187019
857263
718886
410157
640430
519487
317045
299749
394228
285497
914437
176798
101967
917328
840176
629556
180164
432019
813042
235182
172415
220953
770916
809404
25991
845179
726235
645845
790756
463267
114044
254972
751375
994792
352315
177869
667045
151765
905690
314012
111709
605533
924630
912380
201565
409113
948422
114593
237623
58585
539458
659827
22668
825090
11389
690552
274018
508463
501230
361716
544645
582615
71337
749751
858482
430626
316107
899558
904584
460873
887445
357487
468868
528766
683266
56149
568019
8144
457319
708605
382995
623089
759490
365244
377447
612490
157301
410791
92280
300796
601130
492355
380718
26236
620433
375681
217001
710670
631707
24612
95803
402452
612669
461886
143376
808377
549056
257557
626637
739990
708873
27141
763739
275025
43946
38164
526706
663490
456888
755371
280720
786656
81782
218042
283946
536793
222366
856774
128406
598873
854641
69809
704306
527450
980711
844327
915962
131993
556472
334110
843827
7647
533293
271993
479704
617314
191673
925382
65055
803106
603099
662923
909646
133292
761067
901086
169635
439633
728397
19447
177112
139061
428496
966196
435778
600209
678983
655013
509353
984176
689031
477545
526115
412381
666608
418752
72854
178695
928375
577585
673789
76575
66860
43019
362888
371291
161103
914588
402428
417532
461048
130318
749658
819565
19696
698374
596278
465820
914406
407951
7855
196391
36959
444592
180393
327541
896146
496402
924520
951940
25982
957916
948195
903026
342160
60162
999471
985077
703456
295448
36301
218655
264253
318655
226328
376422
542560
683275
70294
146019
616417
992934
656737
840801
883692
738959
622669
151597
310360
444957
311199
123139
649320
852706
363410
289005
203680
602685
379541
972657
636521
425006
452099
870294
926743
44594
523610
127665
56878
417781
802874
825945
168453
186113
948842
937847
103369
131467
375179
174836
567825
935076
775471
536519
76945
731996
681621
625939
872791
796851
839358
975451
785408
172920
57452
839981
307341
429414
347338
592254
169830
213887
484659
441404
309120
168553
800633
890443
593627
486583
79921
711743
317175
526595
378024
263785
548259
48461
600791
384299
103763
930578
992366
927485
790248
296133
939560
296811
105609
297546
874014
824506
233151
389920
526141
996972
878900
582866
43405
204583
696610
234025
331146
267590
93641
379467
185531
203203
160853
743461
459227
909734
417313
293459
508558
250554
128305
882609
724679
860102
770460
90433
150479
78606
674012
778280
180550
65095
286172
283980
960060
578525
777452
732085
461101
423635
703905
643234
155923
219644
858242
410869
328744
705200
692898
89178
650661
937223
710711
785677
120387
836887
429516
165717
571714
252340
779375
414657
913367
992323
838443
686231
291998
531340
607633
676664
730842
94385
553187
695202
204669
684004
547312
462324
970875
158676
637390
822709
462152
493164
926957
561896
343382
791706
763297
958414
380216
922486
663872
339792
164476
883231
623402
639923
744042
719020
249110
478633
166732
762856
363339
639073
221941
634013
250325
624166
596802
277821
747172
150415
846184
898984
88956
560606
993492
169759
81177
987805
222065
560735
183860
245726
192485
222167
214221
438711
926110
126311
179283
743344
996811
289991
998330
10198
922806
658862
391593
82439
698836
826446
819769
182287
54626
674861
325956
544876
960600
934137
605406
186909
649452
586193
764542
173259
607779
742224
258129
566722
123410
843303
212194
266680
458766
299774
154875
977665
352529
192974
902867
629751
646122
240534
37328
449445
807549
132077
798427
427081
254270
85609
994962
948002
886457
623376
72260
446165
554531
90349
715831
318729
799593
767942
141332
975
934558
210060
76626
825827
806484
433416
320120
931520
903275
960480
413840
563245
213138
881399
509596
104831
768566
