168149
962268
944244
846463
619590
671722
821805
503728
508977
263286
915734
857886
610450
395891
329849
852405
6330
311454
339487
546090
286876
307993
461049
549322
512954
493630
785400
501827
310573
692739
149709
375994
856839
694548
150232
861802
337267
725485
809725
454271
653593
491351
379467
815600
111987
671942
804697
454909
117484
248305
527157
954301
765093
167633
324139
372673
884248
63220
451078
147758
669770
149162
199489
360429
832547
51863
870480
847607
468144
795168
827681
643152
575101
648899
461829
978741
358303
900269
494535
135848
328267
983651
53914
259161
809725
854549
825334
842705
323750
282747
454619
367843
214695
165414
976670
806793
610439
490095
904484
219351
598275
657848
978920
213501
772172
938666
355434
728414
536729
799412
797025
471978
151728
936635
659614
380901
558412
11310
286881
313005
688214
50790
193874
784070
686820
656826
781514
560974
147511
777388
431612
936549
345457
868524
147522
638531
688739
560016
396342
417803
217762
914827
798744
838248
989062
489789
613966
825575
364295
172023
875407
662420
303679
595895
83952
476289
690954
175521
82935
414391
649695
175089
925465
675155
792189
739700
777882
88457
768927
154342
361372
765574
692540
38063
712281
48746
698679
470057
581713
146728
407191
141076
172480
61375
239036
977524
800672
669925
977300
695043
953837
478828
548675
432779
590621
189074
297817
144795
928901
659785
841730
494955
716310
308469
329182
392130
491145
561896
746659
396991
792031
349505
946260
338319
112786
994333
177149
338353
790958
279
822973
792312
888612
490949
577718
125398
641423
663873
433248
518373
961464
698205
216427
849070
159739
238240
136413
248379
945152
878137
215818
406848
40
908688
568630
613051
481362
268454
779978
744414
158182
772378
513313
380716
326791
470654
71159
247321
46715
387975
242342
362070
500797
702150
604587
331524
388370
315274
215660
981255
874874
282374
93452
919482
950201
984362
334584
642815
785417
173274
433253
65483
48641
408825
519085
617888
776715
36790
567077
250859
938172
567279
7899
206714
681820
197280
224778
713671
260486
251690
201011
76564
784949
287229
568341
960603
753966
815454
447954
503830
398385
2434
934633
925054
743152
884035
617492
595394
438737
608483
935933
946488
539244
408996
777045
330895
758328
260475
349187
552430
823600
822698
196072
544108
353208
931656
889108
352593
826336
8882
851311
799915
444043
114874
803785
87154
407890
876233
814970
307349
646032
383135
799201
665200
842841
111996
315050
508464
792271
614992
953508
986712
378076
56585
198925
726881
522596
354712
122961
533548
113185
10922
191663
122168
103676
430450
964593
919480
841122
573827
63850
441585
316581
610337
797100
586785
177174
539027
733608
479976
532419
707402
873835
502204
269380
963613
385767
719127
136206
309982
399443
463829
569922
495136
808061
379671
336505
119311
542559
680702
890737
158174
944938
735964
240077
314538
480212
282745
983219
129635
922189
444427
505467
115523
84593
895041
377109
611126
119174
621095
194864
291489
11529
86334
335305
276822
19588
495061
404504
229828
185831
839784
717539
633908
955089
222715
724870
877040
698202
533593
345491
521956
250066
29302
441698
566926
746014
210581
909888
227039
215013
33582
744303
876646
76927
106321
114312
639789
134625
343802
393778
577282
239341
46273
151911
125282
775452
160875
993101
72144
654672
525625
122405
706965
802509
468831
728783
253762
123408
362821
673690
242368
742117
413954
320947
957305
306820
208949
716642
390142
111971
717747
207293
272989
385647
403732
980265
433271
934515
648547
833328
615727
802337
962763
109663
383749
998092
561429
640836
472278
398881
264599
184414
236392
436150
466983
715103
65095
122613
960733
758478
566631
637240
878298
868178
556764
983618
691223
676644
954792
592674
629379
540121
416201
384882
849517
607988
286283
924103
891723
34646
424545
247596
868206
227610
436717
435129
167839
512557
115640
185136
460384
243015
697626
883178
907939
58451
64089
812737
621662
352995
759846
331571
909386
770252
988403
242485
233109
433231
70303
241586
299160
473921
599798
882232
159285
409704
293066
823854
949474
151545
507610
378762
432631
318752
363978
238095
133108
798384
475039
158381
54232
366681
554307
795177
286605
524261
661968
356550
465996
861119
693710
581355
999415
456770
901069
703234
510831
106055
115037
53211
311693
241401
869435
245342
9260
607002
263239
774659
472771
284798
332381
786892
237526
69762
165126
790211
777935
612396
916197
819381
929223
456407
673523
259364
906506
516076
746094
452939
865879
319318
320983
11883
498523
619736
551950
304993
109396
237355
70871
477172
784681
216317
366372
104469
812459
144277
692977
863195
704568
758759
590822
72895
512984
217931
86240
397596
159421
804704
515564
391077
126257
217031
142998
230495
134698
742381
385146
163515
229157
562803
841836
169751
316362
767185
807610
294397
520066
322605
75241
156675
701236
179212
383619
919922
354413
285226
312088
801138
844003
337243
503280
385031
254196
467588
853139
350494
679931
171342
126475
930975
757961
229982
167531
29494
556871
184992
814278
702090
20712
968289
207594
521735
913645
475683
68574
902301
970622
81757
680663
253178
37816
806742
553653
711554
708566
569030
587323
506341
778430
733576
538903
51355
708409
183402
545843
711885
499923
83550
899615
847076
68697
639539
578502
681217
70545
900101
84550
393943
55815
782369
69454
95036
317093
819499
204364
818501
885811
929512
974780
292822
828741
137516
737362
451249
726420
326800
28994
267782
154638
873825
99845
431452
367556
14653
950655
253722
552531
981760
15116
145512
750012
815426
404706
896978
119666
814685
169017
266509
173603
307770
406529
334681
804366
978567
337640
347829
760001
693859
808758
370089
55370
83702
165422
668722
642419
187955
827588
479203
466491
879231
560637
627365
955315
447357
443740
545530
214703
32506
9582
103602
921117
511781
914478
977510
860600
677173
844404
727875
447030
159415
695632
683178
781820
704119
539408
261088
320645
416407
503383
791838
910084
128007
952987
617213
293323
262577
962303
646636
864536
165771
732277
112400
199934
27230
980431
182625
250585
501086
746999
90126
570527
709645
81150
87929
720161
846033
617558
181289
245201
801155
144252
330613
475645
910682
567878
278851
713768
274222
228287
829720
799266
655276
28485
165774
893668
667443
630949
21448
594887
312456
596942
41028
844896
231542
454992
855849
520442
564458
951772
280834
632113
251218
559758
715045
639899
302191
694628
46727
562120
791880
31032
955862
334722
733956
526141
603164
512668
922014
413022
374312
660779
317750
939066
596608
216224
475123
300022
707661
815818
396108
641161
159103
194039
124779
579650
287197
804826
318060
182397
203853
353870
106873
816205
748787
861152
339514
761694
117219
775408
837244
498977
835489
359065
891995
799695
858140
179617
43740
23550
546281
417460
418299
481503
974875
190592
862245
630007
55951
981673
407499
455663
94981
904662
217480
122198
846599
49869
133473
508292
568056
522093
724152
796296
50827
905365
227443
321638
812614
369660
431003
132434
397379
371384
494126
275588
437075
612029
400498
468104
791910
272792
909121
479881
315935
377843
595724
211715
839033
588996
256689
181599
192119
650701
171219
628015
783558
683128
497493
824213
371767
907066
403620
89956
827854
939194
50483
380629
391598
423574
222950
924064
964410
197251
723884
568009
370984
20351
87774
649746
433642
582428
963689
93561
462007
21899
44898
683641
938908
542397
526839
427954
910435
954431
882073
626706
595841
779103
684653
601748
287243
797168
471579
788219
212148
882074
673150
732720
754111
107633
427795
406593
809498
848311
308163
179574
371483
380845
8155
765169
249448
998483
588151
613391
753252
392351
689769
576472
772089
364072
168712
469714
921843
489788
907929
503833
946816
420568
178025
204738
135964
26256
808748
159821
471034
793737
15383
186019
376163
377275
322808
829637
385564
155303
736941
591101
459252
489005
23374
699692
963824
554702
219273
898083
904379
42164
108855
310086
501795
165121
789558
824762
165076
256930
331439
484549
623087
564540
79708
690205
472002
16888
820842
676744
788812
515770
991546
911833
909796
916622
693919
429829
502465
649302
570018
520572
518899
556558
560685
62848
837763
731780
329982
363073
147648
795319
433555
588273
367021
39852
128773
536220
473683
728382
796671
667423
764828
95755
1406
422135
997861
255098
635628
318162
161082
563591
723205
933788
686034
758261
676021
1570
851340
411769
170899
586714
636180
860810
221645
264873
906965
561617
628925
359617
221940
120197
732994
792514
580608
433126
633692
535452
788673
241131
616243
41805
731226
349599
961986
994796
491511
818376
156552
994206
26700
109986
201571
262148
535634
399307
15607
997194
685259
630028
54170
467372
341372
736742
798132
545854
448979
313937
904002
742645
812084
729546
510715
273145
808594
81113
671860
644476
753804
936367
700804
3899
713137
132030
954036
450027
906581
866583
639980
280233
642852
289738
150090
695132
82967
115609
432836
453682
511735
724080
922363
535062
688437
924325
910134
669343
52812
350334
593370
402332
908969
18951
407874
649471
55748
8020
164515
819525
92310
376224
553117
169004
362043
801361
16655
699805
402473
687815
410744
506790
738553
194629
915898
189666
348182
823875
382
962072
485864
844275
814356
95409
238486
527078
146272
120042
778542
405469
808513
255204
116285
66121
920245
511263
129936
39850
701255
768870
937466
326200
895102
632705
767313
37941
485418
185692
776520
51522
428222
577037
229039
794017
482330
271916
901082
181681
285001
308531
60993
544239
905115
753204
415574
142657
62111
359343
697145
733268
738931
615101
183361
987531
116581
830247
704318
85055
126394
684999
292644
278834
605412
477398
54565
149727
313186
35000
495165
560377
67018
956420
179367
166688
438002
816242
881626
315093
310236
538057
590242
808193
400488
981437
512475
316970
811455
52091
742653
924837
810758
948327
394992
779243
500830
652480
515579
346045
553408
98005
291799
917487
340235
619407
840942
100421
309424
886678
310770
374907
437308
652142
85482
537502
363750
237601
778516
530342
666202
48384
20496
865226
391936
857460
216024
803065
515033
513703
433308
826092
427049
105049
655906
893914
465531
785139
208298
183250
777744
94190
741523
808442
594868
458442
519186
605246
750070
205586
877363
505325
591509
706389
741350
68576
943658
136593
730062
782119
508409
199024
282944
374922
613220
866355
991586
278142
96080
606482
305028
727947
143935
968145
690180
102844
198826
707676
389362
647005
599925
261989
236242
385505
525659
23388
806794
608757
71651
287288
509990
717556
877125
406918
982553
594354
16352
41442
315180
533730
40376
727210
779362
154872
790072
643800
187890
2489
146668
951273
807055
89360
200672
901970
587585
31977
328810
240012
491179
41425
897580
668462
197381
852740
43918
442727
610478
347420
24849
708008
296536
870642
250277
201849
274452
755591
196540
599281
688941
143419
560998
66253
538766
128413
881083
403615
714320
352184
583051
642844
131053
107260
797539
549012
953600
836163
497912
276290
4021
863798
770114
309830
674522
710898
926900
841273
856501
943368
448756
104800
57863
238425
522280
493942
484950
300840
589366
455894
297771
236886
577982
171828
147182
504014
67119
47398
738903
117293
748746
199855
770230
580082
807005
943181
485201
427288
610137
795204
681548
929768
265631
170162
545565
660273
709895
444763
817272
968377
423907
994107
516318
726682
157656
227051
517456
598589
364636
518330
740060
445633
167968
297138
822234
234528
42360
687372
856443
568675
333781
609641
911219
321954
219494
153842
120659
841367
731968
341212
652046
799904
403437
936466
734828
239225
401752
315367
893380
479329
306902
191499
580066
17535
539151
693548
488845
65098
795588
549306
401096
958853
394862
587552
682632
100366
218079
636628
984205
240731
566037
613547
138778
878926
569782
590292
744649
479829
796129
434908
961484
564828
908737
133611
177388
774877
777000
545976
301563
223119
598766
851337
698905
353240
435027
651432
326491
998755
784369
293004
553696
613215
422913
702739
591357
998406
101171
937944
457927
640661
641469
925661
469466
701884
922652
122553
171128
793813
101526
538131
467075
94057
414621
612473
970044
156367
54596
790106
959746
859827
836458
438000
213312
243565
378206
612387
622321
647791
40069
597888
857355
886727
479855
855069
365522
128366
901661
280464
528029
576865
742769
365961
265024
794807
357920
718533
971962
943491
978239
722926
498367
686687
139440
835742
445932
864009
715857
947788
665613
157970
342968
247627
660270
680949
980421
842500
559123
720732
181315
504507
25928
956066
221284
509433
550263
41489
814690
751419
371337
681345
578262
731520
893327
111743
21711
98863
899261
948505
388745
260326
250986
818036
694902
164855
169797
577353
710636
889563
501289
89371
82618
664601
963441
978576
678422
45370
140575
53624
10149
788804
722061
922099
681258
287956
591713
880364
218527
121667
322697
661661
486119
796846
985635
133398
779278
880262
201572
291290
474935
982701
844300
13262
464169
339263
258537
386819
412105
203729
742747
285508
210877
914490
273187
248179
848106
511703
414157
717387
969987
400631
354635
1581
469372
412873
788431
686747
235415
535171
641062
235629
995445
568698
694515
392855
189904
145184
120771
199551
486328
837422
479543
404541
784738
410430
690808
864676
590637
583486
294341
815555
982778
11545
396292
542304
72372
585371
33180
164303
308490
495626
605079
792804
537686
699919
108099
482098
584922
875157
817642
126702
92573
204010
754934
848737
192681
474437
985626
42887
901797
439717
230039
53647
825013
724753
204908
875082
72985
249346
369284
480081
565525
759347
896716
915291
369022
321746
387764
888806
992130
764482
97231
66822
241741
986962
813704
9636
44160
644562
987493
53341
167824
568724
557758
719793
483445
448672
188855
337827
441247
326855
407322
242217
707853
88491
884738
117478
460896
114529
296598
451387
486399
9372
365549
191075
91884
476735
480561
436055
997538
152487
675006
113563
480831
663123
394602
15049
55208
598153
193978
613570
774211
555343
961495
204977
484888
576113
608239
698563
458344
415444
690440
177890
269629
429416
274318
934645
32276
428447
547703
349067
214796
51837
11928
397565
343276
204511
249870
94508
469919
917594
4373
784258
431308
4635
780438
76268
653216
843050
690440
576145
775140
302769
71068
789320
25795
754741
246363
786463
604136
144887
937528
871212
556634
799483
834201
905206
226366
920558
533986
253138
188208
678175
256070
331322
225534
590168
835731
219441
732975
231353
873862
459605
782496
73338
813199
304276
406057
555151
522912
284829
139453
194386
673013
468182
767204
191804
505340
409291
643094
154477
336108
416491
244248
363880
335004
777835
617896
147828
119008
895433
143885
897123
814351
57122
967173
175833
162758
498297
559853
902547
921362
935371
995931
221987
721812
604786
799449
937409
743842
353041
583852
418151
471505
988468
50221
893689
28820
700258
695976
165389
165046
64031
94957
550081
313208
649568
79099
259036
968639
666063
840194
931339
373050
671367
977253
753049
41338
382765
371188
951807
24561
837082
572000
449349
193895
909720
942832
708320
569015
375108
395057
897482
498681
395215
324892
935190
476466
444445
146421
251016
845594
988166
604307
862094
220945
731726
916272
184264
321564
231294
896461
201771
55173
526108
298618
32691
376951
951913
355303
423614
374912
796549
481987
807132
495863
485528
332953
590629
251262
299042
379557
243207
575665
415127
316141
381266
372823
542800
308288
716431
321903
808506
912993
709020
357476
566180
622969
816579
683562
583665
203824
216119
774940
461619
735087
653762
558549
999923
937984
21266
38392
321139
392963
3500
526999
578364
276746
764681
12451
798722
195874
670001
276129
611059
70587
649791
526932
492050
117585
549504
324481
606293
895629
9831
244830
924568
7391
531223
169797
316378
753002
24417
993662
720683
328867
993429
139513
773234
236772
521283
593590
193319
295477
738019
399478
418764
63027
979829
405607
276218
316454
455286
41241
88025
403094
327331
383886
321329
134229
9438
355020
84869
81133
110479
72922
504197
569116
851952
646184
758708
914923
271909
483740
774684
715347
56180
429362
78163
849230
692720
828605
66689
178250
812191
609214
324793
400738
439376
91649
392900
554993
154835
151843
986238
252424
370908
829425
588838
547435
365724
427477
426234
991423
973914
391054
774933
830516
660667
280346
710550
912796
545879
649585
866450
22196
815332
900863
380404
271250
63405
265905
501301
339897
896167
131745
166712
481736
804648
926095
550015
656574
767324
291138
648476
994711
299048
145128
528576
57138
604459
617477
73563
481097
942136
837333
300923
73877
452703
615376
206987
865111
717777
985238
978781
311227
157030
961231
683513
399392
148110
876571
386735
60622
802325
945176
559475
76223
960399
265966
447280
970121
310751
334583
788327
208546
821925
522673
187399
195406
276313
691430
218831
321341
267101
932441
409831
161025
88818
937667
188315
943358
656175
378879
564951
752005
519234
656724
689507
253295
541717
965465
759542
554218
896962
728033
737583
566887
580847
298245
467302
612444
507924
811839
598008
801853
725594
569649
823845
400308
290275
621915
117372
292009
952455
599442
708190
331672
777011
318238
613595
583708
316323
616718
343989
254083
742504
379472
576408
940834
773515
185284
238932
522969
919669
880606
393219
924970
601500
749229
371546
61004
376288
93208
959092
982694
516222
419130
84491
488746
38276
603351
927412
51607
162368
631703
998031
283757
408508
547368
239531
779771
963009
82330
533351
573156
708546
303343
982700
52035
491297
24833
939587
68446
449822
493018
880337
307308
72333
211146
679239
597634
243193
23458
957217
225421
774516
993614
477440
733705
566613
484330
802756
218115
292300
928719
873641
148173
369151
657706
940949
17424
514330
821060
965865
777930
79086
397661
106377
754596
361730
490686
961083
226692
486203
419476
327999
28343
786305
567700
877013
19669
299348
193515
238820
785433
278660
873660
244675
107911
234226
277636
746788
227982
620820
649694
981989
168598
568034
513377
248897
567179
124222
447293
563221
869548
699016
780260
929349
832572
312368
851329
783598
962911
594742
41578
350257
456067
598395
501618
647410
175363
566897
192690
379417
972661
176541
945325
798060
891727
312954
681407
962512
882030
891730
368391
410712
963993
392384
656867
830611
373380
189407
143829
270812
393058
596503
802930
422330
923787
102870
91755
900077
380703
109491
817901
785164
775860
189977
665893
804127
682280
248992
406683
7407
824458
86513
822968
489426
563008
422037
101910
100813
669399
958605
677729
76995
129068
292307
721056
593353
941067
862862
813308
914857
33468
102853
48206
752636
973972
90174
342198
96262
521481
770485
573895
249842
630977
429805
33075
702673
908350
69303
983716
43332
124805
545662
436524
747013
428052
744326
662044
922675
1602
553065
677999
728425
15626
567955
731237
150620
535314
846040
873218
307846
860494
484525
307529
934843
136007
908773
973639
852744
985434
753558
918522
507487
896416
844436
186747
332116
362128
252921
990335
297416
435729
434172
950550
182346
387654
455676
505523
304602
579628
970199
598814
704999
876137
956730
422918
376019
607526
663987
922969
234536
141859
497191
645526
246010
255339
76495
672525
731995
577865
39150
8416
949432
472211
3174
930553
95808
846296
734054
485429
939264
973236
79646
939326
28902
959228
180970
487061
317423
94411
183875
217534
298184
855365
645065
198782
541237
89384
907406
754232
330997
437972
131083
237680
799347
171628
551364
985215
865229
421842
476557
495241
111483
425688
727198
913630
835366
590416
865938
546258
452658
576911
319971
494076
353664
634316
287966
355874
120862
530610
239789
418644
413969
4905
52832
159204
732279
460065
870203
993189
901827
613663
424492
121412
250388
874325
420507
627161
164838
964434
850039
34366
79987
158313
744202
176232
338256
154828
368349
74145
822871
3104
12785
252575
857842
507258
640664
618307
783392
671699
157466
400819
344740
208351
467566
453536
74273
441196
432684
201638
969959
970659
249460
755582
501033
939010
816502
15620
66496
285336
350041
971670
504267
795440
707485
813096
587753
925684
681604
396472
279737
789026
991847
419257
36781
10824
573850
634897
16134
140035
348290
990396
597612
431334
215033
524702
123238
819278
601667
361932
514303
4689
413399
166072
801663
263488
768484
433805
643534
40099
575529
469341
824781
409509
956296
751431
793157
516348
671082
75819
945030
733195
126730
709998
688501
375255
434949
761506
873396
681040
907780
97240
985790
374950
105084
357083
616673
277461
973589
910750
860466
14568
538999
665466
933483
482874
768402
665991
588858
869711
779742
108420
129098
496977
391283
925627
230683
662494
313961
647639
216131
362983
725784
790421
69817
606313
283914
278353
661031
698061
325202
771110
197546
575874
213562
537293
618343
736747
595241
575861
829075
540273
87147
219574
812247
465793
625027
953632
862531
354
887255
366711
443690
206944
851733
429454
306706
236021
293491
644231
661536
458000
939380
870922
382899
18870
102972
962082
409788
977746
630542
979748
124299
369846
489126
205231
617136
10478
144355
801629
126991
6272
381599
714833
635239
336587
940558
558165
51614
490794
755155
813175
530191
338305
592789
996586
864298
539642
306216
582326
169157
768162
785499
390480
609652
159578
300602
391465
77100
243536
443334
588319
74021
518449
178844
208280
418731
596516
933712
629166
182231
658762
626048
553414
601774
70856
220630
274558
725408
667809
878824
49082
157253
236572
142598
837610
431309
719660
982123
33941
458242
997138
845914
855813
127041
951819
736836
71202
238882
688533
636289
805518
311884
441251
859308
183750
511338
932793
709031
69087
471049
41685
970401
193377
379142
841953
988478
533581
819274
117743
519342
672868
748776
289060
585089
231273
445057
935394
517450
847019
120024
330297
242222
42700
65900
361327
231154
533533
40698
358604
488818
427806
661322
653159
285118
803208
662929
57287
496490
445695
222040
168157
359033
144543
24700
816953
110181
161924
867934
131284
942463
819530
869986
121809
657817
650128
301567
674276
501371
812159
490446
246437
406564
857432
654125
453368
557480
235440
700534
401656
284
270886
671584
732176
298782
695493
960505
967095
858032
633839
270484
795592
12926
888486
385595
133418
24891
134816
772128
93626
355465
640362
209027
766844
856881
376326
549477
961703
200664
72231
258262
602792
543484
886483
543604
961391
309220
420827
335897
682630
448471
125639
77226
200286
529159
327095
38514
13792
696191
519197
39564
538714
369570
650974
75480
843919
768232
927135
753632
418062
664454
207614
194622
926624
324580
836997
237638
882000
717915
123783
334148
475249
63235
18588
377406
394092
338648
714838
769990
344197
294480
123518
575193
720926
317237
17954
625686
54090
290061
572546
334907
347262
695405
743149
734397
298799
979470
258924
423443
986137
999985
430943
932244
683956
791316
354466
996127
314191
696159
220959
798621
819559
424512
660895
564080
260628
998705
259815
696280
332092
178750
364349
882560
622820
308900
385268
495821
934986
780445
829104
590617
248678
124983
800216
934081
648550
989867
394162
174650
64181
165357
856757
41713
74462
847187
29292
613563
420489
434820
730311
287186
365015
627440
608914
230516
290691
834393
417606
464915
981705
911731
543937
70434
615667
942970
979895
131724
315197
241379
43113
277102
823058
439742
926588
907172
66340
365410
227272
597133
286521
514915
197131
563335
216868
390098
663321
681064
875373
695539
862342
107890
23827
452305
51680
360593
977798
78253
275804
713574
78316
64244
773395
99373
424638
876469
620769
17511
177662
467375
553727
748860
479445
36069
303970
889975
826618
132374
426538
790474
695711
499738
762630
861544
554395
482469
846483
255185
858269
167509
694115
278718
372798
196775
775724
736248
160062
390342
470348
304619
471540
4562
236360
249351
716070
445836
694540
335521
410273
677555
262924
278135
656367
51131
827009
150113
507123
30769
365611
949308
208794
766824
595991
275691
460017
769064
730807
799441
70582
787940
805024
634918
176588
392218
765237
235574
711968
646100
25283
698030
262992
201788
442165
309213
132451
664062
673120
187650
218242
823709
206871
819608
486814
470282
283148
581882
372401
335213
759925
943063
721285
465831
887873
750590
306865
605128
63647
787321
713296
915630
180729
783572
960190
240575
999750
326258
425311
995626
797462
247965
182181
423741
362475
59152
726328
33756
627751
615688
501405
26068
76658
962758
302984
898942
522800
440957
52481
834253
814964
730210
924690
110004
709418
384506
525393
706925
884680
374897
854084
867530
530541
77668
129387
928311
663570
104398
632062
562122
784958
582361
754242
271115
938933
227713
488870
783529
580377
622235
675688
245074
541936
269880
870735
164371
917199
454604
359892
787611
273114
394083
624631
998344
76238
326202
206215
26894
400925
283950
286657
290649
906270
275054
950996
995809
355234
393834
244892
793822
95923
371870
415894
830285
587813
566685
586992
631046
904743
701719
86706
685574
138877
531546
234428
476825
901926
459063
989971
909312
623014
667464
387958
75458
405511
531917
841141
445692
991252
382376
705953
259279
249021
398557
924303
428592
931324
311649
855392
385465
806437
659801
68810
738341
752985
100879
184203
447278
801719
725249
44514
497897
797605
780478
496729
709087
136223
230945
376071
599622
709215
747639
248995
903763
863529
346009
912537
762811
307385
88483
532278
949833
24296
851721
265535
606688
271360
947283
53483
636736
827101
874636
256667
412739
604214
696069
962432
537124
885968
356940
535287
35654
926629
627822
45745
533103
716756
856183
444508
338780
159772
272020
719342
762244
534804
339076
196540
904691
751032
230285
101606
358016
819666
703468
543698
346248
42177
918576
886585
360468
554953
965519
509581
287722
265683
608527
272809
662028
734702
12364
639821
726415
420968
683101
710768
46140
548116
506962
472901
242261
382936
617812
743767
262615
617907
52875
834126
535599
479643
412503
862082
343400
301216
768288
852104
50100
557552
544558
465105
194985
76856
561929
663157
962829
814073
659466
866081
275057
960890
302053
82244
243946
980501
438310
841131
732190
455489
923138
973187
463454
28878
565580
649460
627104
150998
336822
151214
794973
731135
20970
654215
493502
993702
327105
748991
971659
305536
508064
81407
219156
453658
223938
969890
823059
941167
625802
478291
156291
997681
244726
654829
422332
376927
141949
92810
619178
21510
347371
910148
519642
593368
96725
834782
47827
442901
681282
931952
48423
432692
284178
863250
613771
512977
179284
971924
966984
144701
473721
950244
194892
721226
704164
688444
776754
654024
107004
988635
958951
43971
308207
219882
42133
783714
223585
212887
405914
795713
888631
786897
701678
870741
20538
858727
891235
109850
728432
625102
540803
605678
392222
835954
601856
16752
519295
944112
813370
396552
974849
6448
207855
187261
767355
223838
250579
338901
880785
114971
977133
874848
914379
69422
942796
15605
380847
611891
559726
940899
576022
358418
655500
53509
613232
389482
223666
495772
252530
810268
301078
527606
78793
369580
495728
56714
479855
198141
261254
754946
504461
253679
31830
755519
875131
727415
250510
161094
241585
881406
118891
622858
82698
709221
87301
166014
546458
734503
449444
467667
27093
838602
481872
634374
906661
934486
285872
978699
882117
755683
321361
590633
905432
223780
568506
683237
130472
111027
684649
219144
967417
625092
380305
725557
445296
633267
262694
179088
150877
875040
374552
487699
594566
993129
953082
676259
854680
224787
554205
387789
384629
273453
798418
958119
160560
619319
936350
488905
398338
290495
562220
685997
547657
607609
367826
224618
860874
641774
361524
473128
41978
176661
587243
574669
361419
80029
581496
915504
464935
953385
340387
235240
988064
71443
108150
101440
242527
171632
73404
853420
29201
154258
498668
359663
276250
211676
402719
896071
134376
556546
956140
834290
937307
954308
24529
534932
118999
635628
316187
562386
713044
392041
617441
679621
318673
169550
736527
400364
112646
238128
986230
437393
250485
713329
963477
86240
212544
195018
897675
535235
814141
815809
389989
632661
654455
657565
916331
433895
867656
354892
585944
887136
247783
614121
532764
104157
725162
1484
813560
714949
80770
379147
41311
363743
474417
919753
567143
473361
1478
277411
67494
498726
42300
134488
518443
714747
200523
200679
699915
283884
939670
137761
736409
55495
132015
488753
192999
635975
729092
426479
792134
454043
393653
58338
274926
543671
655740
671887
88212
37431
340067
100162
38218
976835
936229
715279
145044
460574
504680
558882
732125
641651
409824
668017
122466
675747
287473
646683
57890
804576
989182
191975
433364
82917
8735
257984
524407
519825
131062
979617
17984
584466
297973
923992
8779
82630
846449
196418
117031
522478
351522
345946
245773
424813
733647
943999
8871
955234
6502
278794
204729
502091
922830
636754
596575
333819
710710
969911
164546
976577
359967
164910
645624
471581
722273
300619
105652
760801
794445
398944
153563
302919
929838
271462
1270
814157
824933
376642
142748
866731
360123
709832
406130
40487
559211
911731
502019
305525
503269
491802
528628
351525
717132
779665
123322
931424
804734
397208
248175
654759
95855
738295
751583
932614
856843
409267
210359
353621
395689
58718
3634
266715
821908
955439
26644
996728
813830
657221
237930
101760
216939
992805
264630
995745
492361
655265
987789
535533
368507
241247
723658
622249
156478
969827
750323
990673
126693
244431
601812
295615
760023
921255
971166
58823
471037
718567
481994
196326
362730
402380
348
812103
940168
99205
367764
103719
735433
347216
509021
720450
190040
433884
886621
375331
186039
569336
597159
343471
327532
94108
230949
116287
400130
673758
536064
792021
115858
71100
190302
949638
773630
583914
467880
515408
87288
866194
193507
680182
479208
609398
307156
262973
772208
101654
945520
785365
716294
583396
757221
977864
76646
777766
197686
76213
85095
30593
510949
491439
229207
842645
709646
438104
47440
195511
992419
376333
648871
58541
265297
30044
646439
629738
74927
807781
900533
756632
605450
755907
114734
314120
75328
990073
856092
166887
759486
592602
15301
689138
605803
111708
339523
484392
35344
552546
216198
671576
494643
543815
885062
123175
954367
246423
162722
141896
63536
175905
809450
724260
753582
69532
590876
656036
969380
511103
806773
279563
765507
767696
911227
102085
163727
44574
661749
991837
222003
277666
872666
111686
265364
151997
431711
436823
663198
604238
359910
473108
174223
183181
827501
559069
804058
675225
105639
497745
31690
742863
228667
783578
24215
705904
599415
44792
698344
493465
740695
703449
346813
447419
904885
43644
573275
961932
190541
449078
115906
619535
584043
32635
509535
700453
545066
207434
265976
651936
826860
323059
198486
329812
966365
756776
225668
769696
309433
154246
618848
578043
821137
987333
280075
527495
141246
865430
998591
12122
75606
32834
671785
930606
976659
964003
496558
501926
80576
530101
541089
617965
279432
195478
94505
93319
783950
641655
297296
827232
734978
525763
859766
44976
235169
193145
919340
867163
863256
482102
200586
456790
425903
76553
474495
545167
91190
262938
974132
15193
212539
84461
505517
641804
6892
723594
283773
560979
938440
982499
776246
911163
368545
956948
608976
65407
188272
467566
984263
545943
986076
703545
398611
13014
651561
848436
323
287458
587419
140388
555010
595592
858286
603209
571851
521474
217251
696987
727688
17229
849161
493405
674324
462331
700568
398876
651642
822323
94588
638630
857552
5343
889479
720391
412500
397329
75204
446616
534944
992186
113881
671093
229116
165453
71218
866109
471324
454357
861654
239291
424274
334002
652141
531407
946622
329502
423804
778106
350773
764221
311157
343436
274397
898952
3478
997488
91857
668990
70420
254238
768005
444429
147010
662921
198764
300511
217647
942090
362564
52966
524294
530257
428496
3647
162134
15554
208681
541712
480566
847209
169677
270239
147056
441607
75652
88733
851535
194658
982050
307735
131840
945515
953764
557676
454543
368947
362338
187350
670100
670222
881573
924126
895068
670506
783925
161054
671990
242764
130946
594127
524836
807769
61430
769047
120794
14596
776844
811684
620599
42673
326620
226730
765789
964360
80257
985853
733604
719916
449135
41719
473322
159412
615829
472655
804233
683567
947921
268333
898661
894133
318994
948395
887887
823526
922315
141255
895047
584906
331935
18569
129351
931108
869832
766726
770174
331077
695156
286802
960393
739431
703674
480058
267112
271203
381466
416438
811162
72519
223308
398139
865996
730946
854629
673175
67905
69949
263540
556689
732867
80798
737511
476775
148461
417450
269981
71341
195927
186535
904659
469941
753417
232905
706505
435332
315411
722533
775571
716666
23986
248014
124916
594022
652514
897841
118711
211438
164165
156764
957962
851744
556492
379916
454129
5645
816494
469803
56291
604690
476788
291021
602389
201002
830457
588883
702902
285974
101444
231782
277380
818997
564771
207676
962234
67070
825870
168026
417326
122821
102687
87042
540126
714287
360438
595854
995568
325998
176083
921076
378756
481017
317106
596453
395343
83567
396988
504157
839130
93142
336474
483893
544676
937198
621699
71463
43053
305005
479280
8371
382275
489297
654376
374914
815358
289771
73930
60521
300640
593730
915888
964242
339822
87622
977634
994354
929855
10907
759040
553759
736354
94855
726529
13373
809763
229261
742573
792163
79373
92573
848319
802631
802718
324107
695829
853761
162630
972528
40226
108500
341140
496705
294047
940903
865012
827874
163284
538062
285514
401411
662990
390223
579862
488101
246990
982549
63198
898837
425544
99071
582136
381168
51168
270971
193730
206446
647537
269698
184053
241873
240927
938752
105621
393140
737378
617934
694957
912622
476237
335942
207604
907209
277990
314183
360986
474573
980199
422491
675209
259118
476781
413877
755934
429496
698211
869301
820384
899041
288292
384414
10705
690350
689953
706338
525956
374633
175009
262314
4543
603160
893025
948158
39955
731544
786169
833518
670317
365676
316037
41577
39686
42470
570420
979085
701843
746372
848093
835430
152475
998
7259
169001
543567
634185
43150
864933
163045
328315
434711
13726
306986
459277
5104
155935
390925
939885
672324
842448
637772
423521
572494
451165
609205
690447
251426
229300
13187
429891
738360
591881
630507
559558
619755
552999
89214
886886
486602
90607
623376
127923
665266
494278
792436
237937
768851
411375
736555
495097
487918
778949
882790
48974
127449
635510
20902
60216
820276
142802
607406
9748
998572
85394
515762
50305
792441
348680
716985
806271
999251
262853
278916
11779
862813
415810
292092
119804
831550
687909
454013
554689
445268
896997
598590
422217
533139
922003
459060
337945
870142
762921
53242
831827
191194
110669
691024
58565
562385
650105
984398
416018
413075
198478
979826
433249
934740
578973
275937
587806
134430
279671
854452
828783
891781
369749
839441
617491
146674
866800
237830
542114
688753
246557
478282
484562
113097
279849
883554
838700
317601
801912
144832
965847
307753
509812
760572
89177
177783
529328
671536
220183
45955
945515
126382
602046
117627
837430
428334
558152
570074
160752
486844
272088
489741
39844
205723
490880
721005
932556
94802
910962
123774
153813
366657
582881
477429
288173
968953
432667
230801
990027
379330
956849
379658
434
57631
229892
125981
917071
97067
812658
977564
743705
972011
48160
343437
283055
751948
382076
866731
242917
550629
331153
548587
195884
905423
952384
602791
132723
591209
93044
54744
592927
224046
501738
572169
129733
415298
694134
837222
748577
409119
204308
829397
794260
879316
52804
480187
12036
302704
294365
499727
672515
411385
274251
54973
201104
90961
742155
696580
190573
230220
419885
38362
285789
365404
339398
521478
771506
148139
602170
209085
790216
696267
858819
893568
541706
915086
651017
766208
353654
147994
800880
280622
368442
227265
513100
607177
140462
849032
396054
309547
132975
754103
568382
77418
406830
901330
618786
796794
396919
727875
593761
544689
704210
751709
543200
737186
94574
976104
767992
101576
333150
927321
351291
991709
157624
639114
886728
339072
198642
451056
174931
719017
37631
234014
430665
435266
693705
334893
660974
211209
702276
597968
261269
498455
981182
645215
260366
346444
563487
600915
579225
410185
855729
433463
296242
39881
373918
418903
249295
710168
237386
442460
605883
531560
391290
562101
687424
651062
347243
311259
279196
121488
231275
832570
906198
888993
602945
807171
951160
762642
654441
718355
948406
996124
826867
782890
100233
979861
644111
104725
468265
214413
950677
989350
419559
35733
194210
707224
532470
692782
296707
281027
155394
558315
142681
616535
68480
105608
748499
738507
757373
204116
503962
686286
210812
331089
785213
384068
471614
613555
586798
211875
606241
563547
402632
815065
12793
693865
221486
883858
35610
407213
345856
257920
50279
451704
458698
391599
935245
689433
747662
466377
350179
833606
676974
906958
115562
909974
855047
379783
699001
323034
728203
771299
588669
184905
905924
542040
524692
507662
352037
790449
103723
42709
639947
406575
559308
670142
594999
47847
858051
9747
563782
35204
211995
685049
114520
29042
756348
290801
999976
982285
128109
481125
907607
433692
688092
990712
196270
85639
920148
569930
562840
196774
132772
176318
133840
978603
938615
577939
471547
807625
937738
383728
45820
97078
581982
351077
11024
15961
240242
742875
58522
404097
379281
797675
447448
637761
788088
484434
434217
645333
256537
367040
180584
351201
706120
682017
150316
612204
271973
511630
224703
219734
779603
663872
410375
396184
865456
809443
612280
526034
131614
329895
962591
91541
754565
798854
795425
814589
258306
928010
707610
332259
464837
641766
889652
985565
668006
652783
773889
949761
433583
677207
470077
263977
767104
101241
661935
135842
228178
270961
148043
495806
773775
190175
431313
673732
159950
953461
585848
842607
306406
558506
348386
717476
936879
331639
686214
974244
781713
473616
226814
479898
950859
136681
115716
131230
610547
297417
469095
523673
470993
492518
873936
308184
207290
630437
493440
299049
966573
881151
315170
130155
534054
456982
910395
193620
972578
313707
220578
377263
980274
564434
294590
591118
589486
909525
160459
680343
36844
668714
870701
774573
705013
936267
985138
94925
439545
55667
821697
646527
31034
820274
158308
859718
483523
729917
243228
170052
311763
837581
43740
269799
258700
797113
459024
765973
218697
2224
436081
37452
997883
498340
818326
30774
332228
796759
514504
159723
453143
622888
572243
898437
800332
926222
458551
927027
83541
241707
198589
802740
178248
394857
370725
372745
425791
578402
592236
545682
924234
231391
594079
709310
254422
653648
693653
219256
94737
86258
605302
941233
571827
493512
57043
957074
766226
452575
8654
365995
717481
868623
953314
373190
794387
420380
322860
694487
739662
153425
516828
706072
972366
962928
198595
327800
776913
542571
525499
888257
124071
932752
225386
250110
709125
894389
530629
704515
851385
650810
907987
794611
377170
267808
843854
477482
451715
894769
552828
840383
727089
988799
502962
722513
951054
535243
426256
353867
140284
261341
95046
959293
226020
27177
904299
353313
336729
392667
263293
813921
277132
333592
602356
907815
623128
697986
410043
587869
158815
940277
489185
11867
213471
592846
423314
626115
497216
222523
379082
417226
342904
229627
368293
767521
991167
533572
560930
127963
218855
257764
876018
673696
321119
807148
904859
841027
565510
288684
433947
415434
429886
756418
870180
999521
449602
760573
89072
946091
682146
791404
780299
693741
333266
199163
306988
546066
425890
921068
81765
151358
721185
145152
994254
484039
834341
135127
757688
224408
453481
472520
116450
135944
867942
568768
254619
264886
50796
803829
314408
985032
267582
270953
254585
620543
10688
201316
253042
951691
990213
663904
645743
870601
52395
600284
786285
709290
627281
764655
617767
300541
973976
950445
792441
154897
578575
446697
750588
89474
26106
147082
435896
540868
897684
303405
174764
168116
153843
486835
764630
940935
306983
658318
741120
530601
462200
384764
431395
841857
131875
129110
992368
549734
804399
582900
661272
221253
933422
155842
455165
832097
17460
356909
764886
951541
972082
484218
412959
768764
327331
63932
397511
817800
913527
409377
146869
993071
95471
475201
510684
730520
857619
561369
955660
641959
770515
767907
293964
777032
683739
246846
753616
796096
338082
837822
137622
216001
395228
810055
611920
691443
888715
32063
234652
356965
400248
941130
85450
236451
676730
72295
452723
676245
847198
34275
192991
369944
803449
66617
118469
944101
940772
29483
272852
745368
526659
314954
977103
474126
289768
135639
772473
375904
444868
758985
50231
236920
562393
138903
183663
427976
517811
147456
532298
487523
536561
501573
566641
762646
703105
238231
365009
790243
106954
467815
89728
855424
439102
176216
305009
771480
415782
25814
277200
117335
401447
813209
713576
26657
469605
7058
405040
551435
356396
905073
846535
172223
842965
674426
993332
37720
38445
177783
324570
292909
490507
443412
218250
239852
995929
101314
349999
841996
76373
661063
27370
146187
704562
280979
396605
354017
930450
960306
64977
517951
561482
545531
39859
347324
14529
338291
473767
151527
417439
805739
635072
139257
590823
36143
208527
133807
126117
626075
445537
828916
170084
909708
420474
415700
83436
736254
937531
393527
77379
824475
987132
549544
812640
97730
326288
15689
859059
836370
760921
686002
537579
555828
531226
243547
892792
88747
859254
518152
542463
202823
502614
161815
517962
115525
137710
680994
162840
130620
520774
456535
187533
66195
893989
996420
949368
87900
565556
915360
219753
3854
758361
607389
332013
426680
111040
398350
397841
791244
740616
698714
473736
847695
740661
572337
348724
766368
844643
481859
126641
798401
674752
885549
48073
574871
743607
704288
276968
175272
240403
492520
852518
397088
61476
515765
135666
441847
641904
659360
91858
346579
88473
871637
715773
375839
960895
995687
245522
844304
392273
6582
975752
865283
412615
616007
498547
99278
847074
239380
897532
918441
511729
617913
20372
974895
935299
599784
509806
657464
709418
652866
173196
184829
469972
190393
967267
486950
116565
167706
575113
289900
387986
835705
130994
204046
424230
635914
174444
667968
616578
15035
356029
250416
750073
88833
848909
702015
728975
954451
32060
953784
426450
298851
102846
484564
747808
294330
952793
919243
133675
747259
190032
579724
448884
470394
451309
999100
663757
107877
704257
581641
464170
656113
131326
386927
387427
783967
212339
835766
390667
601341
403528
23604
817265
738141
771746
123673
794953
550146
476810
964219
149151
239150
344372
697765
62830
795342
701795
465561
414940
69274
245395
163763
429745
883882
537364
242772
210630
324474
719789
839237
69159
999352
837316
704149
967438
592392
186187
875682
10472
410422
686444
799746
466630
861232
68503
790107
815602
326622
590131
272098
140787
512175
120836
934317
647421
362744
304954
911862
950596
851892
457899
561254
240208
709537
327419
968900
799232
352397
498891
86096
370679
623133
820807
579130
988021
622224
464575
835435
744488
147794
508710
948320
979568
420534
610629
172838
570136
34332
980839
228740
761452
583013
808570
240680
179012
345454
727242
700653
2136
825314
542658
946153
671757
554761
966905
186415
139154
539279
471230
268643
212724
377719
16047
348880
563365
81996
359926
307171
98857
714475
890779
958309
780866
631021
469507
772269
542314
196913
421240
608771
657109
190212
526730
783239
362913
55400
978345
480280
162023
163133
428421
253276
214207
730497
629702
115554
395246
284121
842910
367621
556179
998439
510550
33706
17689
597006
983890
868209
72691
204201
236215
412917
425557
628723
731396
8574
26057
620801
705642
557953
551507
326157
793571
669272
515986
21756
749141
259887
232947
190211
581831
856804
720117
383320
27862
933553
62117
691935
438691
387748
411434
405565
870087
350899
370332
356789
535694
210996
632561
28410
769415
680543
655906
937760
831612
772744
10298
347831
620812
456255
832691
492584
435321
149379
860200
242210
220140
705912
194915
60814
397928
937873
295663
974334
26712
68159
597101
187725
692457
515780
358100
591371
794410
467932
395382
631528
154903
454141
772214
890225
729292
455694
729359
815963
375981
186372
988363
167526
251445
251143
390384
19302
443051
643963
695074
928442
702632
361590
920038
188078
70734
396932
256918
924962
942386
461750
115567
420963
882322
345192
858994
329566
438246
665794
423848
658044
286486
647723
429560
709190
685675
271540
947076
989233
278150
45326
929950
321859
282695
493224
834765
457863
804032
1741
219220
132463
726949
318872
910998
271445
594301
159829
386600
790166
886523
728392
267775
77540
589159
756775
165835
416336
656884
905689
140349
446012
308814
948705
880265
94908
57690
525372
412821
32461
975970
544178
117985
892265
766922
809816
846348
908653
902174
544389
852426
79440
826083
935653
824471
912506
824405
989649
342511
883429
696481
834500
349475
272046
449660
487560
984702
382481
612802
709092
990820
802380
268902
458494
242696
229789
386
278961
221028
894864
821544
343029
833589
400852
588634
480068
481843
62292
370006
177053
703694
422587
321091
367497
954692
731235
282777
369411
113199
860827
206625
661639
67698
218202
868525
69277
873584
667620
233233
79255
928661
59896
146752
705676
673090
171046
744415
510132
493872
666611
48042
397927
922083
372269
304115
856103
521781
619882
59643
385249
701659
557815
777015
205680
24318
243330
711578
9302
664806
242191
647906
698142
546626
828954
604541
225996
255852
391393
350502
847601
450763
519593
709969
490424
571920
760520
434478
744446
338968
974925
600000
867614
249043
148285
547562
449762
445169
727043
513201
621758
782907
26631
767372
647432
141833
507673
955663
179899
582300
452965
510845
133273
403085
514837
29458
857044
885870
644067
730729
976473
84934
973302
736673
659639
687009
909882
189138
612252
330679
611778
8803
505987
664833
379433
700317
889553
403837
113502
338284
619159
871357
880696
157963
831267
458874
850486
252292
133934
35259
293130
330089
70888
848193
336976
455269
449480
177244
906380
748174
915054
242747
869436
634971
368593
44098
814144
209718
962884
122905
216023
987547
9568
752977
998459
909506
380242
433677
124242
379306
866505
799904
514664
591843
134886
571445
965707
374164
723980
304480
6997
39265
672919
997489
78537
900220
171075
673895
583710
493098
131139
99472
504858
163219
459259
10322
817114
946600
903106
366906
120115
865383
235033
486143
904595
831904
65969
891921
527042
641636
623595
162281
553425
935673
355339
578289
168046
865493
27069
803175
223184
647598
829055
230510
909580
253461
333212
984533
214213
784108
498187
782169
745155
41199
100680
798943
681811
187632
629186
319597
490684
748603
163413
341589
270996
351862
682340
772194
278352
820951
683330
9466
76867
37590
650404
884962
202115
582425
245752
158142
570615
361167
40131
683227
585727
744143
307561
213364
574791
475653
506690
952100
901177
468233
415449
322758
870335
863041
793623
400933
721818
509102
937404
694956
909424
124015
319079
901968
877852
195253
113059
847169
776860
576229
688815
790355
355218
159631
113686
733172
862764
195453
422276
803476
948222
451399
364066
174184
69245
79503
72326
322327
309282
303738
328646
526677
524703
996102
306625
581320
183598
907899
207362
537340
730191
693316
323138
650239
290491
252967
427286
228455
496565
101918
435788
759246
901180
155464
821026
352325
171918
427280
301629
889463
795756
242452
82072
600706
653321
527857
809538
960242
322915
503302
609562
561996
336593
574749
864766
68412
958207
830460
784495
156579
421123
302174
404460
289721
632055
654450
296553
367808
200339
906976
170143
171230
835509
50226
869453
129970
595536
966477
875046
80041
606621
410641
705532
319612
532456
335256
900291
648827
456941
386471
644511
572734
90966
72
77477
347086
503543
200624
234353
576378
385736
181990
914358
541776
964978
424536
434339
208480
662836
296302
811214
508333
335755
253601
107802
150594
620045
450174
242461
88389
19945
727612
461257
674762
22481
170633
646375
496824
670184
982897
950308
692734
613133
264583
907183
269815
617475
503655
972806
237305
66548
103909
508850
435808
377588
959050
858827
124855
607087
285619
168110
492966
37262
485102
908728
645767
511430
255504
449117
414589
423232
666220
958006
785761
163971
84777
906558
275163
12697
195371
799143
87047
551317
573456
583386
394998
548410
842918
424276
540441
487385
326497
690472
481949
433716
858783
460187
426182
307530
235126
964398
56428
333387
239699
852600
956639
979549
240269
724639
393193
257193
763760
111474
676266
170916
848433
966495
447724
690996
666511
278398
211765
845476
969636
792460
300833
204593
571782
342078
213813
192008
829927
872793
900044
416198
872095
827006
390491
678974
194943
882360
205669
909126
518051
633943
928731
233880
93939
298482
422606
216483
333626
79271
396610
175492
420599
520296
644997
359301
252934
677547
342229
108642
850145
43312
875606
796106
322743
677545
587402
506425
93722
232773
100938
150284
573445
792211
552353
956055
396250
296197
142223
521990
252088
978592
995398
982211
608218
166776
485343
387008
161705
347606
844409
617460
285518
622575
788347
64380
130930
49899
944623
975594
720772
430582
757687
15555
254841
192286
81548
212759
195644
212942
646665
989938
813609
725947
34988
626629
399672
387917
606931
290193
320781
120428
748267
579322
1351
381576
474297
579777
727529
623390
159517
68465
574767
787419
680351
90288
510070
790870
192224
398111
394206
926354
561265
745185
521384
347373
793138
272644
552432
196186
973861
841094
375196
512070
747548
293667
871932
81925
327301
982450
366872
668586
36176
736065
39836
295547
165112
395280
766990
922765
527436
187885
800081
241987
149819
222340
341250
102097
836253
732644
485911
259223
51662
378261
926809
144019
82856
110885
628026
573669
114372
145678
928549
259582
85228
590780
483171
913917
273115
229539
162570
158018
899276
559042
65971
884615
187122
340557
229271
222797
104187
495976
472213
270346
507810
917160
38044
644151
525732
47603
892087
845899
460005
601640
323948
944706
291639
539670
253141
565649
717642
474939
801424
766272
252061
672974
721111
415437
5504
214741
310942
953259
538653
354106
337154
290259
952551
659747
291503
259586
992437
239074
297889
334056
319081
453173
70400
236148
87594
854985
448937
949619
561926
396117
537972
970210
841238
266166
340608
126436
255177
770961
165446
343041
484270
731437
395200
21054
897925
975428
583553
139730
180918
707380
433186
829027
209717
117148
205299
908988
5596
548323
299447
704598
275493
256646
151406
734417
463617
672524
112990
316363
991616
572738
372629
470841
30216
363286
833237
755914
912817
980159
202699
24632
306236
654161
785236
20290
788464
465821
2137
328433
623659
785102
927851
836715
987237
425926
68473
443542
663042
806796
890595
351425
791988
726227
155672
426070
613555
398711
476909
90065
688885
671442
64768
303933
801764
870529
999048
962357
680115
523963
518090
305559
110930
543957
856992
357058
57919
432070
81008
79833
964371
801711
107276
814684
856864
134444
978413
29831
32164
259527
476581
729695
36083
891259
112525
25071
218963
57361
795327
679563
134582
249792
956840
843179
445020
1154
70927
630595
927782
863826
726817
20880
490118
428492
230837
554646
23862
116854
922184
995672
437217
563074
898875
205942
379588
233868
623041
380741
734119
930057
433289
791097
817600
461524
324441
638432
272313
67651
835596
711932
551712
792541
658148
446598
571211
958124
473546
54209
427945
582091
447634
52937
646333
152629
853871
807387
935060
745350
705340
956373
555862
94443
426726
43643
292189
52469
168765
97619
675495
989817
446730
992248
956828
884185
8382
254323
907336
760807
879948
558604
686933
771044
628154
34873
773442
317533
753618
942440
948214
862360
918360
749293
866801
637408
423383
294914
123816
559817
821305
265844
343264
362594
291345
153583
577724
893676
570926
385912
235248
705663
438622
999533
230103
385844
809895
48570
941827
687805
914161
914076
744069
709554
301513
564113
488938
717753
881834
329424
141486
159727
651163
354837
97808
681364
296556
190895
978533
334750
442781
175337
359331
186364
838197
555892
676179
244638
555263
715960
494763
804614
646697
374763
776034
396081
10185
797273
465449
765912
396195
634156
702065
698271
540197
760063
960498
852691
621481
22376
783825
211935
433377
887986
534607
169023
377284
322989
354211
484598
359027
952570
913277
144725
77934
479679
665396
656432
979152
416884
970707
158959
182707
901416
582620
740803
485312
591702
617724
559170
414975
701107
398474
421780
334455
362370
463254
286603
964279
962441
791531
903403
498478
755481
948799
387262
692191
536849
751064
572005
250876
292467
479220
901709
143998
839665
154004
948716
190321
604232
537167
676862
828281
644798
171796
545013
687851
744129
822504
902608
255309
444682
673831
848586
523026
217303
319895
555227
752189
421912
584082
815766
850796
224864
43828
707194
625935
897798
982346
521956
219849
868371
93644
851710
101014
447737
304218
816868
602621
395387
97374
274360
535030
751661
268994
425782
893146
604026
681035
557999
584337
749995
100762
680546
169769
117590
350749
947435
921970
402502
838129
520202
828685
129517
693119
902441
700917
864907
753366
90772
21249
331722
737453
196249
227091
487549
311675
395832
227871
329754
67963
242519
106902
967204
655895
294111
356927
480107
926047
442937
457542
503817
365948
353598
417268
998403
686034
883999
919527
864760
988881
726339
655832
579382
17107
897540
582515
594565
326453
889795
53824
540496
129444
518039
504483
120055
370486
548246
297660
326646
244211
517722
564169
157194
312510
830451
635630
805216
483107
299
408615
886184
752700
119618
29791
438471
223841
761334
228074
28805
428106
440872
752872
674506
781504
772410
649838
761757
187081
910770
729242
274015
227434
148018
208968
82627
642772
174036
409167
184372
267370
960577
917999
427463
50183
264767
222299
654217
614803
719091
284839
883191
994865
140797
71202
576525
360023
160092
923489
751873
268104
977037
705267
899473
823197
393529
461902
28587
745843
36669
947415
691375
807659
816243
121179
784245
293203
177624
162279
460124
915025
268166
627812
801472
116294
461861
436212
169423
442899
960134
684128
200268
661547
414936
369617
471565
215111
430779
198999
660341
276116
503050
884941
891540
367298
642545
767444
69532
987111
498638
408327
71950
236780
394723
538182
681620
819711
577768
417812
870825
304862
286341
87242
650890
713041
89884
487453
196198
351790
74863
268036
970128
449995
288766
521281
592866
12468
816314
194194
782023
274005
63043
436408
225569
165331
867898
772165
833883
762687
229584
120763
403570
61647
697193
569312
922434
16903
905554
680211
431237
520179
722584
609280
162302
221396
22404
440673
963168
929854
215149
67813
607859
825876
147100
943595
841346
320555
385309
304049
665837
405033
232579
184872
56836
318980
765938
966007
809155
726912
832581
747435
147206
907261
46394
800462
794568
729724
47531
599360
125929
429712
378265
51185
406468
546834
573810
926290
362202
120323
187154
498132
545111
837270
828046
78510
523010
250211
499191
63186
425065
268836
495222
201915
321946
590058
741585
916992
496135
2496
569519
510166
895401
385784
150455
37954
933687
820193
213555
78043
542336
86786
861753
143173
707975
55745
898956
955734
880598
12321
948079
283736
167217
493936
208803
616915
495782
328631
737161
700112
240578
66661
626467
59243
596035
992971
822216
447500
30686
329678
604863
424066
164834
27821
569151
160906
95911
690674
414360
268479
37624
173622
729757
508380
519019
838508
754806
372130
917769
179939
686104
803051
842640
389693
649794
114047
606441
652942
620959
296243
380425
874118
879285
530907
214017
599824
692600
105782
667733
163195
887899
509211
463010
964463
2227
524817
246652
941068
278062
530163
271361
531813
38184
179344
197244
73611
624454
498697
719929
740080
251539
450017
676534
598737
10366
407663
803641
662096
750328
367823
795166
355508
638552
104206
150643
43290
45743
822865
754902
196361
67696
975350
843513
679442
229721
362730
792716
5679
416968
680930
308844
222492
27237
347311
524196
770890
475921
21685
23293
944123
951107
410659
895237
622063
192611
241952
1315
570645
882318
590195
686179
789448
755532
708702
721790
185156
676836
673835
85932
837997
126630
609671
13468
785717
298020
807370
386076
948140
696648
610071
846884
603816
513104
932166
931616
173434
555616
383651
212015
447631
853571
318780
683023
146933
995973
265930
967763
856941
971677
696534
586885
824354
154836
466234
656555
579350
622559
899180
564615
668226
219402
795338
967299
421011
829324
226837
642102
97698
869224
361820
79074
976074
460528
457164
39352
878247
916016
33719
820884
280396
535682
134618
582805
141193
689856
513741
732789
750314
219271
276548
192707
581449
620771
115829
312980
255843
996405
452261
251010
409888
166088
239902
867804
665713
470120
200393
838363
421227
645002
693005
469449
484905
895662
547636
995538
183824
309799
902818
889981
265094
939642
37090
715122
913217
820907
185497
946337
873443
394564
497794
466258
286601
573597
30779
520857
568877
647264
725404
209355
664004
549863
701335
896469
335949
636442
959140
171147
408083
885547
531039
622839
297509
568100
846413
646359
760430
330571
720405
309576
149147
648966
228602
783059
86441
681187
730499
601873
586093
315813
640039
529248
364808
45262
81978
122470
13276
628174
284229
763248
533558
623158
284985
777130
779740
480056
676097
276066
893358
333106
623280
507322
998209
715592
293735
721153
76948
644256
684721
316224
183059
473521
150415
425470
733913
329379
294103
970017
39001
274439
846748
275679
599665
635246
19061
516159
106905
346162
813648
528500
490319
862952
444252
82897
572941
168920
627561
279607
243427
454415
421513
329752
165846
824598
64090
445483
25501
955863
216340
100480
262984
525106
315696
759822
346563
302462
630816
126375
934445
520136
164942
4387
732228
408977
57303
334773
430403
687300
257694
151241
175864
597908
541048
17591
447623
520820
516450
786377
53767
981141
884318
626358
300714
518982
234350
383486
251669
597745
708429
758101
820188
727847
842354
879044
750283
580343
204831
770789
372875
280389
518064
391414
648133
29015
248673
93698
898980
765287
654470
331488
437204
173170
889085
286500
322528
213727
550720
119929
723567
371016
318441
962148
499845
584494
819639
279736
595863
374218
368302
171106
98571
691879
364125
767800
213993
245519
607618
511203
455459
445937
659630
781085
542096
148235
853697
577559
401480
119039
988269
301421
208447
698001
673476
939449
723508
642103
173990
312613
434540
289484
654144
65228
575957
63263
247735
68957
577475
528816
31797
898459
442975
594749
879757
500839
159563
68283
795458
102564
756308
428599
215207
489359
900466
961543
369180
233757
780277
669584
777228
809890
443935
628621
340461
41779
897792
548586
234550
74360
5535
473568
681393
339083
245704
353773
487965
349712
523645
917832
374761
333520
978227
416466
410205
624753
770220
270956
551974
959730
831590
691564
672219
6075
331908
164214
236743
374050
639252
139890
811502
119848
996331
323521
218671
215147
930080
148294
990010
189382
963541
164474
921840
467834
124797
77674
336015
912538
189412
564438
647761
728077
482382
606400
919864
997544
513298
298537
693669
856155
834680
385214
860911
682458
251313
526767
952699
93394
947709
591152
346894
481859
376923
474315
480239
703521
633026
416497
40495
403294
489262
242390
486923
995132
433272
53116
806848
563738
35340
402656
647146
12527
860765
329621
953154
314417
804035
148899
260994
197254
699752
250849
849625
289703
252750
781933
930198
455858
565550
423785
575121
559664
168644
928000
47539
677286
993621
398055
60983
365770
343544
412620
792643
533207
333682
845759
555954
203767
238647
400476
583765
639911
509691
666393
954176
984724
409937
594003
366407
400153
427910
557058
987187
199981
737668
99009
653686
61668
731146
389251
463398
797610
970750
117530
541661
657622
228539
350782
195004
962009
988987
580521
324574
372345
240282
953255
686254
17509
789615
9962
992423
993535
294069
881259
852479
562084
870500
173378
80740
760929
699373
811297
23307
702577
624812
193635
353832
206583
269540
654582
489918
847735
954183
552066
168332
207757
12511
815994
929992
533122
265772
212848
844847
896110
742840
578533
766389
857711
691649
676828
55557
118938
606858
832718
164736
12626
517204
27987
215418
156008
867489
977445
291075
779940
133609
556610
760637
663913
79934
659389
505731
969309
99129
87101
821946
834284
788606
120510
673087
637080
80109
870557
407388
618762
637903
397513
665100
92669
785511
467204
8747
120134
12614
67449
309314
910896
503543
520547
160411
391502
948747
729160
327377
618643
597527
360112
896661
491456
563552
546098
934352
244389
782818
540458
931242
476024
731891
868479
733891
393417
374790
866961
709459
748600
279751
118181
818334
321364
16267
282851
886782
960811
972368
834387
201755
513649
108404
908551
470588
326128
664258
252055
873208
497960
977239
397328
585885
315904
320832
1095
650076
233393
751088
694578
94058
805020
214225
559840
762631
269566
717566
882168
154857
41857
228142
253642
500226
35544
292999
791240
926446
19976
34879
883114
248476
218608
367181
320730
942364
881079
581508
50707
593241
752937
257361
609783
768460
512276
599512
138302
786807
915501
870108
89954
615925
413617
371658
788428
968572
677943
806173
304514
649466
290026
66310
701094
303244
619615
463285
616352
951365
484323
153769
588466
73096
369073
612411
972570
25450
680059
483973
824040
288023
406556
7121
281042
967310
291828
369457
916958
688389
550229
7263
994865
597017
139687
819521
175776
641652
115966
381786
66881
39125
509315
730371
156892
563061
169128
532983
332812
644417
259212
439366
68132
142020
29051
307103
896817
239355
574873
123461
153575
966551
563496
855826
895091
888766
283256
80555
43226
390131
683406
413240
338592
305228
184309
245497
203979
246092
422373
92357
958612
454003
161813
232010
589341
233697
849681
952489
383997
80059
548605
850180
52739
862096
256330
129245
433126
6385
394722
363217
292715
662421
578867
234547
406381
564023
921732
958120
259380
613550
888767
225383
30424
379124
681649
896700
837695
304051
252207
278605
959586
455204
533926
586261
207337
738196
368652
763567
734642
604698
780964
691335
14169
370357
561261
606218
478362
568926
129200
284123
755716
265734
905386
123064
716119
252182
72975
529077
917984
456276
688456
417494
996453
493351
129218
85971
96773
590236
132511
830357
135393
51752
663299
75733
286223
44604
20337
482767
520532
26899
337853
854803
605360
708548
758312
816720
929582
629873
189265
727724
912284
899000
66281
934662
125293
469633
176755
546248
832665
711833
594395
613399
695450
303416
756549
905047
66207
165722
601698
687106
468733
860583
49953
949879
844115
61215
437341
834655
313694
377105
46021
41891
665831
584886
236074
891763
26277
358187
543589
853407
776227
420377
727737
575958
382893
543019
601065
558802
959336
166288
836181
765235
844995
282523
671745
69514
264744
258221
262483
489464
171231
110953
251162
47711
412107
355431
162870
378663
760694
579233
222597
807446
522092
224281
673254
778184
728085
514476
741352
898594
121803
539084
918209
763231
815260
240850
573064
93674
687206
42989
797012
402878
720835
843112
768717
258694
595354
218096
553670
385866
592149
273654
557940
728040
929299
482246
246987
496517
277696
950114
399019
338222
908086
829576
141794
123934
425150
582673
996254
574423
356198
866564
44609
515068
743554
964900
653468
308811
444265
296765
661893
146318
648659
690999
468449
384944
903284
311725
932204
589189
414573
682113
999284
967175
493777
294497
204253
2575
97914
897682
487483
909259
601333
840164
491007
597292
4083
407184
501238
846754
618907
708819
365860
34879
456835
431838
572045
910778
923302
76204
6660
750462
617012
270349
389210
334304
840230
461594
231599
192005
121670
856290
411183
356334
603523
377134
856249
109425
836769
760273
343673
96446
103290
519496
37517
692152
292547
363521
534454
262280
501775
535974
831334
823250
607606
551646
180093
406229
95867
180243
46544
214499
258797
408785
234369
922194
359331
947050
872716
535862
436459
152435
563505
120523
523273
387538
46044
831407
77263
213663
514671
440351
183454
980679
261179
659665
776585
424360
724345
706914
929821
971639
941295
544201
501696
251412
546295
192558
753870
349680
843093
902916
65485
199403
717068
253803
613478
340115
52138
912559
26787
522843
499194
46576
567873
530512
448010
611196
822556
800954
965
26253
349341
665747
890011
870653
135283
669357
489925
21971
102279
476845
561348
614417
18321
994572
404545
265891
600080
850008
700213
327733
109000
835444
255804
746073
798435
919191
525391
446040
241173
790932
37948
582467
191768
104072
379498
904833
640938
843648
73980
117979
608185
857950
555302
418473
791181
942917
91655
699724
379175
27952
238870
284247
697131
299066
372453
662481
722327
183058
386158
510570
26647
293658
410641
585451
254311
289568
111433
844245
270904
397220
389557
974739
478006
191640
477516
616380
381480
932624
769493
268498
513156
792520
437175
18137
932261
643101
723292
775940
416997
651540
789026
289007
709867
343402
994421
842877
502252
477753
899106
126692
382503
722490
991166
829630
576156
791473
752749
382070
686165
658425
753121
686427
958774
869308
524765
381452
649952
687544
662326
22427
502136
833032
585830
182793
782003
917509
350190
427257
698542
427240
539972
867655
501935
808995
776027
727719
910979
231772
895247
22747
659631
209909
136417
668438
365065
760171
229709
463445
693142
972456
620071
628423
17804
870474
355404
653076
124308
94879
866690
150816
616021
671475
815299
86875
18962
219697
372568
282401
604808
207859
897875
37704
36379
3678
623761
56443
216428
940127
800784
281722
686605
236290
340482
430054
825893
638182
233216
106808
796164
423507
215311
709499
198728
704119
111800
484767
541128
861966
38674
79977
771780
233637
982391
401395
698918
475030
93110
566016
914032
880681
39046
978738
458823
432453
882622
512265
782233
419052
110940
699740
957372
572362
407065
584180
781668
241232
958724
373655
501955
358956
600852
664952
26426
533870
652168
33520
785314
319890
934174
68391
150960
441690
747915
475637
812774
899252
762123
713576
313049
802261
708137
770368
214406
703666
594060
114325
455478
855185
750976
978523
739670
804567
112718
66910
468540
376971
979175
414930
523683
841686
202870
618882
203930
131250
3452
810076
19430
826575
21431
425584
779327
420185
635080
85274
909887
849553
261458
543461
556214
403701
253552
381517
800480
937201
215610
794902
34023
130008
788771
557684
902870
610850
975712
694539
470497
237594
253495
479518
156925
730309
46586
770826
900168
979657
374258
131167
537940
806001
323531
818496
20539
365134
660755
717342
464123
907971
561986
877831
731579
793480
196355
396746
733518
583543
919696
954917
107036
825507
852094
752790
376538
971900
711836
465602
440191
129110
459255
107057
427556
780056
771482
846345
610449
956280
323901
688617
647937
481270
600552
302087
58274
620596
964177
235485
608567
202860
912035
648792
322429
897419
653900
226980
202343
221028
391976
374410
958231
635048
226698
109415
421220
867002
627649
258216
664418
384075
197474
421870
627281
553587
968299
571879
699128
822176
785859
705813
379736
654097
662098
135426
97027
582195
939574
681036
200581
690062
761150
783175
38263
103097
895687
163714
838147
130607
584111
423654
543411
313254
84067
674899
852125
370348
90519
823512
242926
89418
327550
90702
102672
392911
768162
310181
333320
676074
109888
28136
196494
667035
832216
334849
832824
990389
330270
522451
628835
800914
424065
876584
415940
220847
394069
597999
846471
179407
151524
29797
977733
202751
431091
539596
899046
207784
509010
292043
616662
76371
557576
312568
532225
430217
631937
964485
833433
921584
477512
940893
338217
600309
165568
670401
626367
223368
905795
853260
504107
603048
925920
411830
611538
739649
456713
932409
351098
977112
704266
687528
110576
259661
522803
255467
363608
117508
673378
752836
774821
689798
667252
637066
425249
242997
321556
232813
152708
551203
424570
763239
762170
458045
390388
547067
947061
232245
502176
373920
389431
137914
265016
197636
933654
189793
671063
339460
729535
430361
672489
500293
885982
169054
165507
582981
946128
495322
40093
536860
558296
300721
662141
298953
751992
334396
902936
414557
138072
435561
655109
449365
911856
894978
380294
847943
70376
403676
771918
474040
317363
615393
946978
869756
528339
190905
650233
269551
923005
558849
90317
316029
146365
214318
681416
616061
953004
450244
973216
694739
305703
191844
910245
153959
756274
58695
993734
459225
105132
149440
697770
796027
370312
849094
563897
640980
456975
913028
950003
579425
594843
685093
552831
89481
298257
439353
384387
787044
335563
155835
830249
268707
176785
84503
512675
615165
192080
307188
962857
318187
7236
739469
337330
209679
509284
486311
497754
766088
312757
103529
418800
544235
469464
870248
740389
499086
869793
637086
334673
188979
970888
166410
725663
754345
870509
160686
507076
978501
41953
863471
306478
521693
388944
205334
212954
421871
115842
94099
154590
437737
878392
820911
701947
593533
134343
237789
109770
630857
301835
83615
100371
294791
146280
414374
230093
90800
779327
392535
468524
423689
987849
492525
593783
605996
800685
717997
850337
828398
145178
49553
517771
406178
194186
503800
841027
223072
825230
623447
770901
22529
124455
135768
48734
885261
926608
