624038
683335
582005
889690
513504
762415
954765
227953
313019
185066
846266
975187
685665
212391
623467
490268
367260
980169
747405
87017
587915
524083
657791
325771
121722
681915
155848
956859
797519
758320
579870
463160
935388
66434
744884
608018
394867
609440
588027
110712
797240
951529
825898
868972
13396
621411
881132
741835
289094
688582
15042
308595
880789
734748
227677
452674
226082
468269
969081
154985
300806
676907
144439
58581
161305
613796
453948
979668
389544
878377
770902
4034
183556
168145
787250
367315
589779
759083
604174
82843
632432
672790
626314
256270
764860
939691
280044
29915
136474
299765
774884
888855
88339
250240
480526
152515
156929
96058
383116
425957
962258
644581
684094
59746
12609
879828
734426
654942
172739
25775
905553
148700
64008
181357
330019
305299
870434
128734
182622
65878
70173
153513
296088
598959
82508
988497
224656
125659
764198
707410
348624
523330
254003
885299
793984
88890
113318
699826
325691
789714
369572
6757
546111
547792
591070
119010
793903
510255
949045
24263
20178
49670
278182
471698
879745
894182
90896
363165
82328
265992
410623
249076
470323
607433
457130
792176
322832
447265
137918
655565
505971
664533
990852
558770
795724
662484
10404
439855
716502
211897
960855
744191
184260
960794
292144
93467
822927
982218
698319
930027
614586
21094
284986
300042
357865
895117
139863
175317
84016
144985
586566
464557
376913
241000
115328
128453
983334
901265
210915
879156
285034
274131
846556
585971
432522
879806
706907
570555
201864
7874
531763
655034
184436
980870
519324
558909
890617
573141
549150
708681
661689
130497
41668
397091
952024
925830
453739
794832
156240
388422
543852
472679
360231
987784
406458
202463
652888
410461
444065
845292
466002
506406
205144
181516
812059
898177
842071
678100
206714
365838
584105
827630
930507
907628
720775
800522
76991
174516
64302
588062
79299
247532
469908
702352
551194
424781
747716
242486
990136
634008
785050
951160
156861
598856
278511
543448
191396
650144
105180
663036
652115
383103
174392
374892
770916
812034
876174
873202
777394
842321
335496
43731
387497
345254
463864
905399
881034
969575
410125
672071
982018
375307
58592
863834
484830
6786
400595
143380
244255
999831
222469
255295
749375
963584
443273
633436
314182
578880
427039
521213
660240
387076
62190
99739
569179
359683
946206
145947
751482
304612
547723
343835
175185
464032
679533
701028
786428
464782
597835
375349
5712
944854
941671
460895
934818
2778
502066
76060
856401
50250
522547
273436
284647
89952
221034
487827
344276
676572
186069
212748
850973
84181
759651
778891
438689
42644
619647
313687
881347
295768
95122
123393
439092
212472
768701
922078
503789
468935
635074
265817
858988
634969
270143
769345
276731
528112
345032
414743
177143
358640
719021
568449
678604
423065
37019
739937
825070
984882
894095
100714
200821
68950
675327
846974
442119
565185
960847
510178
197094
408843
690163
368032
432860
38490
302541
264664
888779
73617
651130
146559
400890
10612
695108
383577
983770
341836
483335
480835
723631
352796
407749
864285
932113
562321
68294
460621
509193
466731
141678
205997
553118
703060
314633
943397
244688
195772
340504
480616
747299
293549
884596
633000
98272
180828
832126
935596
878428
239782
205869
105023
246756
535529
806195
285555
221392
658382
500476
33013
607784
15281
660023
570890
876400
481934
678255
891220
264966
920977
136893
445734
454669
486253
634133
253402
976992
470038
494166
515928
318132
140073
30195
390068
717634
498170
620081
680596
492144
720677
864105
659270
382243
967371
58379
237941
737700
770116
2354
335119
594167
204928
921208
887280
825653
643684
299796
634897
179367
781162
128046
250898
401555
451090
520054
18134
686328
646782
707331
500069
111383
207422
150644
226420
257413
151571
979445
831269
836450
239597
539047
103423
670722
417410
401274
558320
561510
299360
304570
774239
247543
787525
342073
982424
631643
795050
348284
70528
798686
490974
910840
185641
936986
917762
315940
463878
388055
839385
598800
773834
797467
392299
87502
805341
504028
96367
789237
709697
949572
911898
944089
617556
235947
547979
683298
896313
200303
276043
599436
500743
145841
648028
235960
215125
827706
74003
776263
444866
539426
906892
192933
875104
823984
817484
266864
354403
959287
786004
845127
454627
41275
223183
149563
159062
408146
113115
497075
991767
304027
902048
548654
220222
9542
36393
439238
99734
769816
761599
805330
58121
906415
491769
696114
434859
592878
78515
229677
656696
932609
664903
375661
463717
815124
130877
126545
733996
535248
981193
616962
103626
225324
510718
888626
44819
911822
855694
553323
626304
699197
709610
591259
692241
864313
612572
406760
727659
893190
770311
777488
857859
18595
420585
993823
638920
612975
835201
911522
772691
882964
479256
666848
242824
926650
724261
625064
49548
590877
346040
17110
222244
983052
552897
424927
12655
977182
85625
171859
869166
27745
218828
553675
206349
966377
59946
574421
535471
477215
845966
411827
915670
637900
833240
804545
554039
401314
308728
935271
858682
721568
196530
488623
775488
566930
859686
340647
982841
67783
636528
734166
614062
38346
52459
855645
624751
533439
265309
656956
856449
775012
214208
852407
484136
862886
744039
792256
883237
280477
590549
779079
245045
193554
739264
919655
836016
213114
967469
178142
403608
350915
536613
113875
76668
224696
711873
778111
629435
882942
28415
594790
194107
304159
401832
752663
202346
171698
774126
308082
31902
989186
8825
66230
432664
761616
891196
903918
401979
522151
548251
188561
283400
571137
327297
61682
762944
402987
449490
895393
860042
58096
116289
988663
770736
287021
803176
154809
901204
477601
198198
793589
964600
373267
788285
887715
404538
317774
146028
22748
654689
810006
744764
978081
975681
498969
578824
610051
791088
354150
225496
599607
188362
460546
73440
393076
526735
191369
23385
501249
37317
354579
888343
728686
703139
552907
221271
224731
778596
3814
296048
676893
111294
810755
563568
644749
941284
111005
845642
697441
552926
336968
276800
602708
608219
607942
629477
210852
743970
297449
38702
843767
631035
387903
739851
550577
369698
901960
253698
523020
204566
74349
348897
502478
999202
58166
554544
223154
421756
624322
615316
932802
64377
232046
219693
748862
899129
101147
874165
66573
124603
705528
652632
770203
639679
65214
451315
441710
430158
488450
282617
776750
2541
658034
515519
346629
641187
497706
530816
306108
871723
466797
656890
257854
498704
549218
413164
914121
78046
91207
106690
927235
467978
659678
678061
730205
724691
225677
4722
788442
999671
721120
117067
559351
589925
274964
911323
492381
34213
342076
866347
830584
933984
315291
412185
16321
136183
54913
413765
404568
968063
695512
225959
554469
941633
15645
478147
97578
942376
708232
938120
994772
528867
98955
587575
700736
513842
996829
7744
809468
858141
465981
466612
906789
528386
195555
350643
110691
259564
216431
915662
645579
70388
113507
401012
212902
827894
578450
885212
417446
465305
294863
523598
868910
563076
80404
990508
655657
185228
723156
62862
19994
715543
310828
57068
714012
551704
537246
248682
460816
334102
538119
262253
490174
562502
401155
599754
725716
614725
933834
384904
580222
345708
682577
649538
482581
693696
556940
289153
794267
752151
192200
943487
853951
49859
322754
107601
834359
10535
385036
894650
529810
758282
707385
194457
960469
558438
609076
404703
520173
731364
478724
378992
992981
984941
358101
318910
13007
120922
13250
277212
615202
267137
89591
292982
231255
568125
821396
670275
458116
823578
522496
63802
520767
844328
949493
378006
791528
385265
63774
504154
584778
175562
974676
542418
562349
17167
345948
669691
797010
54666
782053
600203
820309
838002
726914
735803
436685
816624
669625
281789
341347
733226
238764
319829
233107
558902
915485
967138
722842
672564
941544
562687
666002
544235
103385
410064
982802
976221
673273
657949
368796
735569
916030
62981
164079
218580
168547
200498
483168
681221
820248
882262
533053
967008
130439
506343
917949
262812
457943
841010
949466
600358
963909
98489
730410
537930
179794
595140
136725
890299
69193
569916
765340
834844
693419
830228
175786
786383
296962
362185
421690
164115
857244
154409
587174
837875
915472
200456
365474
670324
528347
265911
639110
764062
575231
258574
548427
498198
648957
377440
23211
709029
428346
818463
551402
821497
561304
859536
50233
378422
257479
400560
685017
438356
885454
782204
314908
482785
302134
326595
112879
939284
2485
852405
799593
397552
305630
721758
184997
370675
317102
124828
411015
646589
967448
20041
294683
227413
101470
987588
316626
372079
144287
172982
890331
247467
31810
251912
564475
992263
696689
616499
79813
292196
388076
554892
223567
529046
163756
430868
755371
417665
491633
410366
670547
735140
734357
270963
153659
237544
100984
921643
956750
135620
242652
606477
757337
189043
810784
685920
817338
621085
870942
704125
288863
94440
616045
328276
632505
543632
90226
71573
826320
69631
572106
880210
126179
707807
452327
398194
342191
928233
344568
235661
388963
126612
514845
410778
792258
491923
189173
607681
449686
446230
345831
539265
574572
884668
53526
791163
734200
245534
427613
542812
360393
742721
182511
648891
647146
590154
527539
104066
920248
123707
547348
948729
370227
672159
416390
521426
573078
761369
614361
308201
207471
150296
823719
576418
155304
966033
987957
534099
909989
392716
50971
788182
698736
967092
355656
862879
669808
175633
989303
754927
420057
730363
30023
965317
872823
539218
459841
541937
60936
233100
621755
906097
695052
779630
244005
70215
565924
256537
229957
998114
298867
325269
853168
42173
100336
736414
294761
921463
314486
778169
644029
93986
201102
140560
646378
700511
206004
571976
424766
277691
305226
560290
148038
795692
260712
325248
354737
754977
181695
667841
363627
219710
976431
434794
345672
376510
293672
349130
993355
362437
518512
628061
8159
491894
997535
913765
30460
8660
104987
877517
399099
388941
675337
433562
751399
607386
262453
966958
856228
859497
654659
678432
93578
36150
221275
104799
339485
466638
820546
658926
922938
833743
755723
591678
492530
377721
744911
222021
217363
852187
699641
862530
893350
126269
843992
178842
669173
376158
775190
742427
537257
484569
154606
483043
51002
709537
547659
350129
59100
67925
235709
805726
691883
41844
689511
45836
825993
480823
460894
27350
322452
177991
162617
214393
464785
294551
801685
526391
990581
395251
468274
181483
867643
91162
229649
932453
254740
292160
672353
930396
719502
53239
133655
710727
257962
102403
952993
332075
168337
632695
661642
76347
760575
320158
363310
345999
617329
817335
625769
784619
918777
151133
22621
701503
539648
906763
149369
661102
467898
953035
844717
426585
296449
867146
270496
966006
850428
269118
510797
538386
24035
521623
552505
910199
940819
127888
8594
217193
230112
32447
956485
245080
515281
722444
601295
37779
266728
561381
999356
878480
533291
181706
883980
709743
807923
850207
867314
761815
116263
719793
753572
478793
693480
448152
696529
882365
650695
349409
722922
611514
375124
456992
942496
354884
806153
752382
308738
143865
999286
539972
13663
892966
858862
264136
846921
446661
525974
917943
592197
393895
958706
40027
853483
884814
667977
712013
353137
813043
910340
368591
39804
649252
62738
469994
731189
5189
765791
912548
17741
891857
306606
812487
659634
231256
276084
716570
476053
806862
146911
660833
124612
743646
577545
635653
338062
972677
324387
487331
719742
2825
156455
171335
222063
671271
176456
625171
58312
912313
167978
398590
368292
783498
596011
309995
563767
196048
591083
430690
285604
100504
325716
1164
891099
948261
354050
688877
485592
311665
983167
207897
299323
58146
584842
109113
329139
642014
134391
204894
147922
997452
22829
218222
978769
780952
997841
599847
290018
544889
846530
262791
146447
15976
912483
945673
230210
559463
621546
621241
125659
101021
646762
721693
504668
464733
919206
63313
98836
685615
707320
465423
25424
755969
169865
683356
947423
675138
805523
946563
796088
515861
391309
119860
728420
671128
835042
160127
250344
291096
564097
288846
377073
575800
815852
89195
576761
581371
178261
430081
358700
682470
973730
203968
900699
33842
411010
23472
347384
375202
432652
268730
926309
422934
908133
771650
31189
512473
14555
272559
647703
271769
216595
259313
518018
666198
188125
558242
90357
721581
81607
44129
690793
119401
866609
29826
348473
626329
478102
308499
341003
980136
388769
567130
857387
774634
986407
906299
845687
951125
920505
315474
202683
521229
888226
138693
138954
275191
300981
318151
721149
26407
727232
67549
722411
825563
761194
840877
773438
826685
911018
901239
48295
415534
967098
576629
345959
929339
85259
949324
244352
529259
46234
305694
343531
43500
278587
288179
287401
324119
97294
296487
895636
311004
667719
665215
121037
305098
310563
268313
644705
18565
459929
520505
159566
468885
945002
281192
695680
843805
77017
934615
461941
286799
196308
624685
181187
935960
458356
747397
60972
444314
649962
749076
832167
750859
416973
653141
659218
138048
858391
597958
684330
429822
206143
545401
646744
879215
626350
987807
72607
860402
5833
77436
175945
43182
422459
461392
146182
602902
804699
190336
690040
72735
167602
416724
453142
889247
940830
457658
766140
102431
316255
546224
381827
639299
659410
222320
389826
78838
435493
833936
126836
632095
322654
432122
818721
692214
592656
688405
416993
211036
566856
821434
730985
372377
895039
204124
609649
561349
407637
493262
852407
115869
393996
79353
178893
308835
67641
217376
162905
188382
774737
160145
329911
466413
591862
731828
734811
682977
184341
552811
420379
269645
873607
921295
443046
14013
618178
918779
311352
103090
21466
449623
865129
295109
874503
7607
949325
178004
505612
908576
133332
321551
667759
34780
23143
250249
203971
900915
970991
997206
13506
789124
349739
377291
306743
948224
694924
170007
297928
108770
511056
22263
576618
153092
760782
815483
281486
844122
471958
63500
964021
757349
720735
592564
309753
182427
261701
669616
965985
498708
407117
949584
369053
649507
618324
207667
581938
768488
763420
132678
766255
465398
478280
375450
724354
511688
136474
212468
161965
202903
614379
762623
698155
417050
413002
952989
851174
895071
951787
240110
780704
321162
611031
801021
282978
686362
312728
938673
995280
334319
920068
748310
269802
911342
734015
509727
235640
334591
698165
242401
223488
386543
31419
953629
210325
16125
734066
802748
640515
412296
465041
285198
55874
537300
178946
109338
7727
350116
387348
852565
974786
699408
425591
735217
128902
557539
464821
393530
359066
95283
407338
197855
925936
158852
293821
868120
573941
49373
117386
696298
944202
714805
516142
195140
673030
533826
360096
940107
197580
789732
100586
17454
771720
366645
914274
315547
322810
983770
865434
847250
827176
619523
369656
399198
941171
325391
560240
641925
734454
922389
816578
529699
488201
873063
493646
479161
372958
106663
305635
228671
557444
975875
521986
44611
337902
680960
742540
267272
524513
861398
988799
251317
486281
812240
778757
362568
311914
256081
136772
408993
119765
909218
587225
720511
737796
920479
620494
619497
837466
359648
281930
555323
367019
89827
208953
310097
83221
765654
350329
102641
223270
967909
58612
689476
354497
426304
878836
410200
493179
788935
898020
945816
664699
320148
585206
555704
575343
575909
125909
406065
535766
428405
252256
232099
169749
101958
592368
383713
297745
701531
696795
720255
425149
23661
270967
6146
597269
614775
21488
710601
247763
944456
929076
151216
131510
191854
216784
457599
223034
886149
606915
678249
762294
377053
836362
754071
171182
494263
391019
959641
919697
926289
723013
265157
421297
218663
276795
748078
732006
714867
191690
861515
348255
462901
716150
483959
802736
716004
440871
713232
579558
429067
67905
762715
133434
193305
724711
165532
384078
223535
863124
638419
144372
834054
70441
299138
397455
464440
655389
750798
786459
610863
230924
611859
293397
809475
652386
44166
543713
392997
266672
769601
56966
261693
770073
47177
468409
241592
109872
936397
926822
17459
412144
908879
218893
892416
439593
805661
69937
44212
343970
825332
189949
900081
436287
535901
81570
175547
101856
643231
603078
205370
679580
253447
145347
299001
675412
671477
56754
47646
706088
806027
229986
291314
629470
882822
941804
351734
97755
935655
594031
373833
807531
777538
631445
759418
866031
973051
346889
710327
861165
130880
98400
993871
445404
598861
611449
202696
775405
548144
471898
35561
753184
473051
552301
200633
836445
387813
398759
424810
124963
635902
664198
469266
399381
610563
884065
139533
302869
132581
870310
452671
657948
981704
883369
21450
857813
548986
799846
5213
85319
411628
748491
978168
943478
109793
508370
109192
591236
284142
779942
41399
716786
293434
139657
136799
504663
5951
780851
266480
227957
636123
728278
657515
890945
123771
35887
608741
779767
848824
720583
711088
370717
58484
407569
656246
596126
659845
57334
601691
164779
944459
600876
947763
510074
913891
339015
852266
380786
63489
146381
889908
861625
55124
344673
839071
764558
245693
619934
608822
857308
41806
201188
527365
920754
993821
541126
997779
991182
762781
693828
254631
595313
755223
729808
415971
529910
977474
972741
560732
799140
702451
594509
376081
639453
245803
585695
15651
503985
709583
23465
881341
572605
558690
508576
381462
146167
553916
830070
801343
856710
8727
662647
714403
930833
409321
133289
96575
388782
185118
796827
16850
789707
892474
228142
597498
561761
494943
115174
4393
242555
583049
293953
635401
831877
183057
137215
330547
845305
6364
475329
802571
134417
263126
19921
209702
966170
430506
993962
115118
86053
27130
742291
694024
706632
479297
967832
674497
988796
277514
940285
694860
544280
877089
929360
37537
84861
963659
979532
468849
304817
113290
598952
450180
957319
22149
108554
561124
936281
953998
155545
275671
817088
660747
782474
946981
499462
977671
771850
827109
489906
846596
487827
400701
195234
605654
248278
364377
688632
231639
171604
13561
146275
756136
613313
898358
993983
505685
535026
770853
497838
833297
128593
814010
100345
384257
115385
847420
920054
65219
841952
18175
767465
942822
571393
51792
12437
354959
158210
110916
541042
384516
211673
621562
803507
504428
737975
652191
252891
428484
913014
230802
96120
583131
292639
89096
512299
681668
887247
597411
758997
282315
460545
893737
832560
475842
314024
963187
176047
720011
664338
147992
150897
437968
868432
778805
606555
914246
920946
337727
181908
842076
310667
330035
428270
211383
991432
399345
224103
473933
184330
159504
640728
116926
405344
800981
476597
613202
419076
164061
29315
648895
773934
510777
636462
837794
902637
941106
362294
951763
307213
654031
448423
819492
652640
866174
772681
710209
375846
947225
185225
639464
343645
576559
222144
810367
279778
291986
6792
562666
551250
806168
74048
230917
601571
788055
612204
274534
190904
464125
355726
256786
685696
122959
206132
184182
575038
11404
117847
312044
507076
855963
964692
487898
931671
51616
464015
169560
702511
494353
398381
671575
736654
531901
903084
444531
299903
358532
977286
657133
568388
324036
321315
584916
565384
243973
411705
114810
120533
394166
117443
569292
339361
241793
674755
542824
65134
66019
38163
805763
309272
681910
692333
851459
447672
270753
924379
999082
505871
971833
240378
204243
147226
386785
185967
962968
358000
593363
371672
944471
297632
136411
525804
402220
312693
155052
83244
811914
659229
756371
567147
384185
449489
753274
351214
221294
459249
317351
980633
827706
413565
154293
185650
871638
513988
142746
822480
961314
80341
179941
302146
25064
413018
718175
730653
11795
976970
206489
786422
721280
490356
720599
561628
202086
332383
506469
143037
309432
880127
779762
465624
135310
462010
433307
314755
908735
331695
933736
708346
547878
694047
816334
805856
334690
107839
311561
905430
714894
579646
184105
511924
468279
428674
999868
467553
208238
670714
982096
590864
566077
35901
330868
228103
641694
42846
760397
297545
749052
535092
186562
308095
874253
604169
292415
509680
571063
307628
150262
323797
116542
912537
506613
929391
64421
678424
699026
823243
661735
699584
750031
855911
848377
154318
675569
946771
223617
3280
294018
793824
471241
977902
774196
304150
674682
174272
523360
31554
982109
974219
145120
361605
526790
714670
162220
429830
541307
164700
481142
11613
826840
804457
928416
726385
316532
523647
562227
795442
748983
83466
260762
525086
996126
758651
507151
466922
489250
152016
587240
294562
539915
206074
491680
915222
985903
355587
149873
860043
669679
265744
933575
807748
550140
373179
200734
711993
926683
604124
419921
721444
628210
559793
898046
403363
74610
307451
7227
307133
172962
692742
633386
703928
656477
900377
471998
957283
933965
379724
286485
567920
536597
45431
927655
245669
982505
240674
266683
774165
281630
319795
441747
978356
558203
393787
590419
623333
884038
887306
992622
798698
985454
503844
682134
296140
727733
982999
72604
490478
195352
92876
645538
514195
983742
654346
876545
938266
860358
952806
190593
146018
323537
128864
820583
489833
777916
363382
436799
72422
467976
250360
995646
454468
184798
242498
775813
366908
98429
207217
698519
890501
941786
759770
559045
955191
78564
843793
211723
709317
172663
629665
520117
794675
562301
293860
989235
43150
538731
66069
442240
61696
634231
608180
271530
231472
112677
310028
532388
792815
49062
287471
646205
289632
394984
13363
437049
705430
276424
141347
45085
914034
425446
11413
885762
885840
919190
14209
896618
8898
529586
514683
832424
589349
623583
801034
120757
618865
46445
979291
719732
145171
532430
363117
90373
975131
839712
415000
954155
821971
874620
229747
107460
629934
929627
359110
167947
829625
453313
893109
333095
566465
983252
102708
242690
870293
473871
202177
900929
485027
246436
358924
873574
901787
890990
645746
47425
637919
658673
184266
508218
590036
154953
781563
922595
933874
544146
120082
659595
530946
482203
965516
508127
499986
229666
666997
84669
349040
948467
147543
125176
431343
179527
105299
631202
580504
523730
716320
21326
697007
265898
549667
440681
984958
16721
968410
582052
702739
464563
198955
817085
162474
245301
843777
188841
682494
535207
436118
334819
767624
848645
940718
638119
920461
815684
857167
493796
466743
974879
912895
179395
870235
632860
190817
555515
274105
432539
651547
757068
573918
730996
215670
827869
983020
181053
843307
845690
819833
2296
700982
560779
85985
396223
513904
576515
474298
364941
145258
821673
64374
963256
33711
9969
506775
158749
467977
998039
489360
461694
265800
926461
519341
298334
655762
304875
619620
692446
652440
901294
318129
613030
52833
382996
952864
499185
150627
293610
992397
839567
316869
87152
99690
851500
432369
531995
195842
616354
891980
453058
163037
300288
707839
486532
830316
277469
714662
527713
666123
414722
702990
18280
219394
665528
204277
837561
329499
954200
834910
957528
586452
841531
752425
74671
753059
293867
106973
847420
521432
106872
616111
958745
544213
387517
407677
159966
146324
216635
261614
142329
583027
986291
916335
433595
277180
336521
801513
343499
411733
236718
209714
420462
33986
968605
323133
136195
206912
65497
375122
352820
391075
158066
963707
472125
707504
709282
678194
282563
880230
997901
919426
22670
964404
107240
6818
391559
364153
584705
388811
663440
546715
401023
24425
203853
225209
189887
155435
239767
594343
482203
736449
839801
249912
552995
290034
980406
948376
560789
782342
316558
644692
803075
628323
381628
187950
956152
95267
713681
470506
103981
179117
723752
549075
262111
250249
622285
788209
15540
993160
479841
878235
635595
898675
961837
879526
132999
740098
31115
132283
654037
446720
982812
889328
259359
901570
689597
46389
65718
931853
38585
95047
747823
727640
903810
505524
246184
684936
772732
855766
845821
13005
996984
242309
437447
128513
96027
783708
386241
761180
781057
159618
915385
259371
555137
386504
615438
388851
443158
765649
175040
111528
877088
882932
73624
148521
474148
196014
273959
408896
733244
291940
341257
644188
870182
374935
926739
270792
233164
731641
10312
894303
553389
970205
361790
596008
406631
550951
337322
891224
115774
294114
839276
657217
268476
554090
467068
397351
463739
941462
773611
546844
430106
990143
14356
847862
209276
281111
774877
181384
896033
996773
655289
617349
861276
394359
683015
343034
296405
863006
778043
867211
101002
464284
132841
317540
361914
166033
774322
833623
90017
712239
75571
193777
478139
800569
314307
645794
814415
673731
917483
165144
27991
832025
438799
268987
358169
112250
662209
953936
689808
598011
659266
173746
516679
498769
612323
832212
701350
18136
969662
579669
125184
329067
840377
135005
356673
418178
112084
787197
447532
862362
989838
611121
674579
196439
835184
199987
672600
203168
758878
481323
249565
670101
607999
296594
876123
515275
898536
974469
640537
611791
109565
347053
447330
665624
342516
474845
360929
655071
507523
246267
694951
113956
947322
374123
532492
914572
92537
867656
324158
830547
980935
971537
817404
942638
85118
849188
286262
157014
885479
758732
347268
649717
927683
548615
127959
170639
328212
694628
726166
876404
725175
90074
396550
283248
509987
151601
832216
421438
530159
672876
313034
464601
703745
418844
429910
611147
934341
675250
822348
760474
858086
949278
693170
139741
893952
347443
384875
221786
398332
635533
258732
136027
630663
137798
824994
485238
782508
539470
668279
473508
727100
789429
818481
58005
336849
944501
104729
265101
98564
337021
229880
836834
698353
390719
923902
41133
601693
875016
791932
222626
227876
269572
201866
43009
142522
228457
217434
446177
323136
953235
972981
779201
753129
434653
666502
441552
987215
592456
67930
363998
725645
277409
67747
537504
135571
537648
574543
29809
91517
678122
542462
732802
788834
648918
896371
597896
516128
968003
411432
125511
606099
721169
858123
906261
192849
861454
517112
369681
302187
252382
946241
230547
668664
76405
36251
261224
657539
369011
339751
612228
728089
214457
970739
989563
717288
336651
971446
572551
347990
292400
372622
488747
963319
568027
572731
916016
958692
674261
379783
516358
189450
70673
643624
956640
390780
607978
171106
507052
180940
137751
83474
5507
181778
745904
479160
201817
81928
272039
192112
956262
975023
131251
746600
216554
422501
472602
887938
437617
385727
452698
409860
337770
140926
434630
378749
274936
478230
13373
739465
751572
821908
198735
239826
469163
54761
831324
753330
24336
444441
73655
907644
370996
179526
634017
16518
346930
992110
666117
905917
202240
983600
1635
828103
749623
847163
889259
205064
945117
86184
174626
23386
785388
920076
256884
532957
168210
950204
998367
613405
342635
578237
551155
683883
506739
993432
465210
232873
811660
633875
378271
431908
328581
76420
162904
343187
771021
967115
274138
167689
247976
94722
705852
437650
500956
829961
699031
501771
12374
84493
32216
300547
166359
263464
107209
681589
663769
797322
276216
729196
290419
429260
491872
242541
106642
464900
220941
720698
82365
110235
68487
716894
865994
333611
751938
207701
448223
595200
615278
22549
717076
160682
810358
156059
353718
891322
240066
484315
623828
331724
918382
526901
280498
757927
398691
321425
447172
954472
569813
622799
952937
801720
835854
470601
93177
43136
182045
344986
645557
97738
686901
169572
560096
898504
65784
601832
147834
186832
493259
331639
93994
261552
243065
186061
491214
324094
912733
182281
707214
87457
733098
35002
620345
16040
675247
675209
764190
264642
518132
777914
563451
669952
448910
742541
91598
65218
661045
647809
254707
135646
893148
928478
433342
89450
366121
259177
165323
28547
706057
49734
334821
463170
881396
645057
327054
346893
685199
458160
743115
705063
30313
581141
757925
312844
70217
139538
685329
832906
717484
365531
933141
345627
305076
738347
738222
126763
990399
179064
388140
13014
724002
930533
567215
541277
999707
996716
338467
274296
504539
848103
432670
777601
226528
253690
283888
865039
4779
762795
455667
104763
118069
218119
845924
578366
800717
200323
507300
251199
457033
993520
232047
365055
646474
798907
169989
217588
526755
28762
995949
125537
548903
792267
282251
171901
701523
107203
531357
965140
437278
460728
847551
102617
708981
661773
508767
368690
633222
621781
593527
970269
761347
768001
910098
685643
394944
982126
593652
747948
782851
548706
156055
653774
589059
63023
391902
23947
816900
264936
51592
383453
622678
77632
514958
14828
894928
632963
59939
293510
986297
451063
185051
174264
880793
261165
123338
357548
31833
471469
987708
854065
932321
712098
77193
967774
493770
105875
179457
572265
361520
947340
329085
97829
56481
765154
16158
915603
229781
951410
696630
465163
73297
330657
704913
628227
167904
18591
429056
21912
98899
200495
581590
137293
375396
635869
990040
852876
694334
279948
94364
520909
48649
718218
451164
631396
262569
135618
849965
917597
800740
364310
172974
618161
359540
315116
551967
89000
357236
71947
48454
710125
263912
370664
727365
496060
383038
479118
67182
786741
949733
370527
95494
644464
579661
785881
261314
373191
653470
114136
232030
201705
540091
879592
726157
926754
358869
952009
952832
797558
534603
428293
794451
873252
714423
284566
480573
532090
440123
318575
97890
17660
842672
12979
774547
28528
638527
826608
164868
885110
721866
933201
438198
634520
761212
490595
810075
617646
757861
870574
32919
471341
841882
582322
648410
160524
940708
731001
471277
104584
35958
828014
258362
877438
353973
870779
954468
896286
703480
800018
732183
778051
26624
697741
313163
341666
510121
474047
290411
220500
665426
653898
416070
83550
121370
909105
89425
640410
299403
360098
226526
210733
678312
113988
33968
804558
910293
846569
245852
883377
376858
700143
870088
513828
768300
790041
561
177350
766825
27454
916696
450424
595272
49595
624414
754806
156877
48939
392747
593597
962961
764675
221486
336047
479825
901415
228325
231667
335586
331029
192414
219511
254064
957849
378070
953586
671211
469543
364333
819950
631081
549283
770601
768683
458543
679267
569299
272005
578785
517291
532075
126249
791065
284876
50328
874718
497027
72177
333804
645712
657443
378097
767017
562249
776118
974707
172515
67510
363002
42041
43616
383040
362023
877085
25065
472743
611925
218630
349567
612905
65955
690049
625303
803019
557438
774218
526187
426592
369699
905860
41111
250178
138568
724321
846647
197394
218678
482132
755613
971134
703056
106406
519192
940753
322190
647991
817437
415980
805539
10657
830733
433577
771218
145885
151632
452532
675883
252053
590589
894040
1391
973701
585821
260724
952043
987113
106461
489560
534232
517480
808238
460961
493292
362598
178173
584489
56398
437867
225334
374284
491928
49314
661428
675760
864514
6493
500183
339496
692410
519210
46843
59364
798870
472509
713617
259610
377271
758942
641352
422145
831965
821441
901539
124270
299165
333857
501824
472987
232788
523666
223057
69778
972157
193042
844778
253999
448496
584896
714750
476932
828267
467247
510373
693027
405705
112972
406777
942995
273257
510636
533992
156780
326907
955871
761231
765619
677591
291041
981133
688151
263889
777692
562497
777995
15088
123286
709467
775009
603555
886138
457684
856569
120727
496690
375999
624773
56203
649891
876337
596272
990854
115289
463797
427999
755949
153086
970281
949484
672204
133234
293264
768851
589388
458195
394604
808067
694667
342232
926688
52533
210173
944582
388888
343294
575870
343129
19307
279756
904737
166298
113251
255292
295839
243877
315944
651461
15409
726353
932313
257038
799337
958784
344062
518461
91154
458026
80550
662596
717972
675583
88481
989030
334081
371989
237821
417776
573416
53989
672947
455842
271926
329455
69037
347308
795725
948401
519682
974177
97185
928867
229245
493272
506108
173033
153785
511005
101626
173058
438275
680424
113999
869314
560242
922554
919333
269474
236175
710103
22331
616486
695947
274626
836013
891231
276539
202341
898229
236641
696260
166237
796384
293593
562201
612669
804773
793143
305350
742545
458200
588711
371705
269674
663572
162620
117582
494272
240834
769890
997374
189414
51583
237561
783781
450822
180178
804434
284842
806680
859952
577503
574591
375081
581893
172645
588358
651569
288570
240707
241250
329646
150501
127712
806923
320789
955439
429275
178976
745485
433777
192653
187013
679986
144051
853147
872636
239445
996674
34063
887979
296812
211648
120625
696537
71077
709514
112309
833737
185222
10726
22681
682395
727516
218545
680333
78886
521405
223806
392898
897969
646338
765611
648909
241799
397021
696751
515426
327614
325727
271016
277341
227728
575645
803360
487023
149528
360342
571500
27568
559242
963302
977664
780690
997029
554244
153317
856000
509037
700459
661426
997174
805176
565456
965741
858873
60405
425364
260190
18545
325153
867042
192504
821638
556172
347393
76921
490961
601302
463578
649751
601862
965112
935258
979471
753952
136022
57879
30906
922565
438342
136360
298303
161768
811558
191462
724846
131959
345412
131413
840772
105800
262797
152364
420280
747401
626667
652447
172913
586282
885018
781526
39991
636696
945342
466480
756051
900027
533855
524726
124155
616131
632861
367317
402932
815040
125266
302567
346375
688200
959999
750735
75830
442492
452885
762156
722657
397671
122437
531370
542448
612173
633089
757952
134856
273100
726551
646812
751644
182133
488304
881962
25737
760986
884986
143264
632041
608204
997803
949832
385822
732805
234684
301977
779124
871442
176509
727628
16099
98748
250564
698311
947832
229937
992362
503186
323970
817480
452119
303571
356275
54436
823071
887606
825856
925854
777542
586410
922655
272789
753826
775795
333436
122014
917572
993969
922283
869411
865545
679039
604649
219189
685972
927989
770287
153458
591300
50850
567977
327637
70330
233615
594922
324939
517548
550266
180908
800610
716739
585909
973301
926428
47208
236720
275743
95889
860534
415262
516
784327
647792
339605
777867
112878
330364
765641
355954
588456
421374
751852
219089
11029
554200
746397
941289
881520
278160
167616
801394
790534
609469
527317
460468
837884
589681
652409
401160
18657
256404
853832
521745
504895
321709
170038
19972
57139
238669
670279
676843
629219
983191
745702
507935
128596
610569
657849
169365
115517
23703
230100
547505
684295
33234
626477
781933
549014
679031
292317
78654
746664
383651
958224
774805
6778
443467
428984
344628
980481
231277
283248
309181
632933
316708
292985
807960
423034
580427
743495
832100
277981
799129
448380
640942
990185
720596
634212
889978
906491
773256
840761
100558
918194
158020
792257
274003
276731
460612
733050
771163
255324
251756
233113
715264
694867
703177
627672
816345
402064
892299
733098
891510
910132
306364
240212
909661
674718
256560
202114
60339
626219
359344
386598
991690
304830
875993
713576
969916
844077
296844
483818
958509
898047
752343
188702
842843
20627
780764
509246
386048
878158
526559
354671
726073
340408
409067
734475
172289
149405
456518
195491
409108
82551
148595
412166
215261
617589
446815
577698
238326
669466
465428
968479
225790
977832
272177
925568
138326
886699
522094
667266
49649
505673
586255
566645
141840
15469
545178
754995
829155
806689
152656
428686
359309
608611
71122
623454
435903
451903
462662
219863
501552
293307
124315
596705
668858
41528
368695
864144
182027
665115
612561
914640
796894
768876
749619
171610
354229
676770
293669
606943
818624
708809
290050
703255
169329
6533
47409
775749
471703
539606
114080
473676
307145
27009
611415
876563
81300
31497
416885
683417
410454
799622
138203
21118
369229
692165
142760
958706
259432
618769
438706
989207
502764
476450
205450
504280
166804
331803
343228
697755
535083
812714
530723
549914
554892
399157
816986
833450
282859
898489
259761
591500
802288
540005
946440
39697
401337
829558
204135
67245
590721
39604
871335
801127
144150
743505
892094
254366
745707
615048
437814
842021
802553
530224
291357
684940
264875
31481
601176
321019
603542
801504
593635
3238
202492
887741
398270
153617
74048
788684
43926
248780
990216
407428
138238
621107
358468
724316
561380
841460
697208
10973
725188
56704
349462
30357
811864
940991
143936
295167
921800
41697
441008
19817
972704
216925
439420
76780
251506
499295
31734
112351
899987
604009
223408
59916
396572
680571
263109
685494
905063
261757
995623
3607
357606
949317
635914
615147
423370
854556
350688
325284
76977
2570
791931
897326
694959
986662
890821
924646
906406
756714
923320
691168
700527
293644
44219
598502
664068
135852
257091
331037
826173
388368
667767
10726
561611
455318
734042
618748
192105
809370
898554
595385
728622
627639
283466
732021
706728
134883
344094
24413
379954
279624
297671
620582
966209
767286
889770
561501
756176
346362
270089
394310
522261
303112
389457
794412
553852
951851
754522
106443
697446
798028
9816
54594
647284
568287
139310
701336
43005
903046
940385
396798
670865
738047
351115
929839
414556
323496
131212
542903
6789
825254
414432
972747
759239
734434
15258
538216
47355
695097
191617
289367
819363
589084
934979
72490
1483
399150
984416
2373
34363
664858
102142
765849
808391
706661
140997
644900
476753
565671
847368
637873
639199
284568
494027
696123
20922
108631
116944
483537
758025
466722
995269
315374
19980
31081
403397
571441
258771
934590
286941
15134
782986
109891
350250
412980
184753
660736
870464
156317
179530
78844
505633
925684
70152
459841
492692
604368
23100
85828
431729
284027
579959
219730
764101
312289
346042
52764
322767
784191
729013
846099
80351
638949
846374
414028
933970
233431
503706
718970
495225
623689
972657
746137
775143
316257
906729
53323
735270
569851
907821
871417
209996
447544
501295
430487
90626
807962
964331
7925
117261
13974
922236
322785
478330
636504
771584
969623
375136
834073
74098
538278
386977
235342
516180
434619
334708
577345
502986
78411
429640
897511
134857
762887
541191
796539
793779
234036
848374
11070
528924
706048
220586
990673
46881
869892
106317
464224
471358
170023
921650
961690
94382
817047
911790
446258
840516
126335
369080
686526
837398
357569
757588
430169
144746
33268
821347
8038
438659
996841
578292
802419
398198
212103
570202
183731
485065
560832
776036
343664
202673
405817
757531
532539
766316
866701
407486
455517
652055
672104
136303
618144
948613
205355
730960
770209
118848
908382
842911
709181
500261
715816
771814
685677
544109
175820
742305
785573
684355
49944
429533
243268
37088
900774
972456
817594
990828
953546
53231
564795
779736
114022
983084
422922
908653
372312
402824
873579
194107
683126
54103
451709
988309
793201
272540
858971
945238
5410
857689
583800
688813
711794
983339
573812
503165
916854
381003
950745
757271
425498
116743
995089
780426
383804
933752
874796
790109
378594
698645
547727
470306
414326
789078
800483
741545
543891
74487
524050
433901
577179
191
924025
879207
102669
260521
78106
917707
735306
848058
361629
695978
372840
755940
946623
960623
847029
730354
475422
522618
392001
187190
256481
181898
38577
672839
30534
837843
894565
27691
764622
438952
361958
395949
915296
736550
353450
853704
144306
37511
583053
610285
522678
694900
937698
377397
984111
327240
887121
928924
404619
16169
297729
412606
453917
332992
896932
388077
951421
207158
966799
938120
593469
515076
645954
456322
822354
874045
75144
527839
906047
789931
421578
453786
497752
915850
985909
734762
937443
299043
137528
517328
376532
70306
224811
424866
974800
992497
674793
896156
95618
156505
763850
948066
208253
131053
527285
309080
682061
714964
5754
361719
976596
739112
772996
93896
823808
861578
81893
370600
720550
227064
843075
216069
577547
691349
364265
230063
269471
942410
695869
245827
988128
45900
775950
235271
940716
70096
796005
574786
802006
634190
484516
794946
993598
271473
463450
377779
590693
381861
659674
133596
663961
719567
662341
293284
896449
62780
975101
813729
629406
569702
147518
447050
302116
946969
329915
656729
824453
404835
339051
882892
267198
116790
396742
900428
156925
29519
213602
833967
320222
108422
589462
262365
52121
217969
51894
100489
551086
952269
561535
243031
491222
760311
190427
635803
210498
571205
451818
800825
280250
591082
628377
909359
780112
915673
713150
299022
920255
526630
239504
827356
658522
981275
246307
402346
212476
88808
60643
864732
849547
789183
148169
317138
631218
843734
425873
321380
470058
533050
777182
38077
558150
856855
858053
521472
185052
445290
703743
567977
822507
655017
619245
533156
107511
168854
98763
181407
817357
821954
802303
160062
108378
798793
988872
995829
775533
437131
199733
827501
456512
495109
757863
508926
505898
540472
911435
71099
801600
489920
171424
632303
10759
392640
181004
861916
735536
601435
646372
334438
577076
381661
148083
903036
491055
807615
264713
561342
482080
500903
669041
526988
997315
713292
803138
110353
541030
137368
520690
31874
656615
561764
409801
6089
429427
667461
229106
672121
908518
450277
385826
356480
21294
617656
808265
270798
670294
488284
832949
407971
713632
603693
374568
345116
988678
93375
425250
714775
560267
277608
96906
349758
996535
879731
730527
84655
130935
185345
828385
293841
993000
444789
771299
583949
767960
567907
5371
813343
942328
875016
486872
216624
368636
997153
283994
878172
131437
512841
676195
108038
189991
794921
801364
385319
468782
703375
401764
527886
811322
611311
517920
69173
222242
903124
210444
741735
968820
256414
101788
74290
60774
275113
955346
79304
333949
655643
13512
994102
248320
18288
17495
956252
407625
57817
138520
12878
29833
214170
829916
376995
923419
774127
217850
512444
864863
144437
855414
351964
569310
660797
355465
843300
716278
748417
569033
83909
648758
614599
788797
530926
208318
584472
286085
930508
777994
191309
763811
949904
395562
731997
281630
746695
21941
668038
156255
550426
188451
476973
460985
495656
970628
786911
678584
977744
181197
479390
280923
965706
344870
423254
57411
843313
428307
701252
928767
289142
126469
32942
446985
626534
696313
280385
137403
64325
332548
804159
599301
393885
177438
589821
550506
797591
43552
123917
663458
133736
657750
509050
397186
511638
121506
50607
34432
447013
197318
642272
775695
671158
595441
537345
410351
689026
483091
469713
618010
52054
776427
576404
927615
243262
178483
530437
957368
129434
195058
247679
294428
184173
899261
943422
607588
885897
253844
474639
949430
566269
336887
997101
63581
287356
149869
959662
143766
872449
789679
34944
752412
129738
212753
55345
393145
73629
58639
642621
224957
798635
944106
750604
520913
835019
230848
563688
505108
627295
434257
82377
6850
771067
459015
373014
886455
688322
86991
53425
164149
984423
99025
697569
96117
866310
750274
12428
797809
604864
186489
542921
893363
343692
858663
605332
967967
874392
925034
461331
251298
478014
438817
858491
8829
246373
756735
257017
514773
550059
473358
778526
379725
433671
390876
235949
708286
118646
320754
493393
602984
744146
860256
76814
501846
747058
85126
441216
408632
348399
242483
256515
165329
134353
966908
101622
129824
841601
290111
65720
896844
454851
174248
272308
294726
37257
682693
744357
382695
612667
42493
16567
816086
442430
915190
151888
169164
58823
536253
312197
690074
694762
529223
137135
296172
224066
933669
48324
955430
313820
702351
679997
460980
440751
360081
776086
881887
521464
187017
169199
962643
871100
129722
578625
811290
814594
198884
464767
47469
903747
549269
658479
173883
999280
734407
179276
61086
929185
677595
912854
484196
480713
65577
648983
383052
449552
661846
702672
503949
600585
674061
953788
747548
164837
722039
335036
391369
545578
376886
225266
290420
942302
185021
495813
646365
935968
457824
170619
534150
119504
907625
155716
821797
323008
178209
438621
671580
787401
735534
734148
250704
562973
234115
381593
368224
842317
793930
953168
949558
709597
275028
706162
572745
786242
903402
36215
214255
20710
560143
183650
814450
87440
23405
719689
991304
70178
327184
746357
440142
105859
446474
330280
619547
243463
612744
584158
631352
604233
583341
838099
279669
787612
919688
340557
402895
368191
826896
510398
461651
364373
505610
62797
350463
986440
691158
790727
763691
430189
983569
331931
905320
507313
199940
462649
396030
834521
920482
99010
895927
573648
852338
24491
449353
621034
632159
118789
400916
683943
438086
758471
396525
785642
617683
858124
987533
602714
25187
810988
315636
5353
285421
229749
450718
908429
751211
628021
828238
736503
838096
589382
736640
302166
445849
123705
205332
595591
615143
855451
791164
431810
563485
1850
406824
476139
887206
348694
248211
219608
517322
797318
2952
115093
984354
168434
540050
538854
554037
854774
510396
376859
851508
205638
571492
886455
928621
814186
367087
229969
540271
441169
872467
777084
975824
969415
103165
780001
797074
390136
93474
472640
348365
611368
111086
53819
978196
221502
939358
404404
347358
316045
172706
449360
654277
874921
568785
645295
876284
544462
985868
705747
330440
726993
972359
710874
695315
115422
819063
89308
79272
158881
638903
264372
111449
623109
244238
791036
937747
151556
18429
605480
94714
395567
839751
237349
575788
563058
529750
997752
346545
167997
600639
940963
518611
663950
262006
708491
727162
801301
805467
718984
477081
176314
624825
10472
617483
767159
200020
496500
328194
859883
197762
671774
38352
217931
46230
675942
776502
138484
327700
354221
434812
755135
5997
899030
343742
980556
270233
677243
843445
68946
993595
357968
830620
888726
446453
759327
795008
743970
925269
714306
651611
359803
996166
504689
895490
777491
792757
200891
456347
26803
926465
802323
430228
545434
864514
137567
375343
908787
90530
933
491190
805780
165485
415334
593929
252883
59153
149605
233695
841432
431919
833709
610483
214674
894718
670264
360734
624980
451136
928515
797816
953841
326176
747052
331120
648572
49835
640668
269770
923550
490042
344990
157172
95860
239913
37916
210348
477156
207303
216271
702947
458529
378498
133820
448873
860813
215328
586376
826440
889576
402220
44998
774597
427948
966260
882270
955315
21224
343633
670418
646341
486922
568606
908792
61289
305473
255587
406543
889244
27894
381236
601112
657716
36970
769537
456974
118072
374844
694050
981019
823777
41021
400289
4743
34428
911104
956764
581671
753665
875462
976161
292098
641338
240602
468685
934928
583955
57256
844132
608123
180171
586546
978050
287319
697751
292501
462197
764243
995733
642995
220377
722
40659
483593
584742
204043
793367
963497
334300
732531
772400
818568
251486
315946
414580
993003
9253
198412
834332
280609
909997
243215
379415
733195
241086
90478
607483
928346
630371
711634
641942
587205
686094
528290
411107
126265
18504
794310
573033
934252
872250
289473
315826
57951
18280
676997
335730
60695
275599
749244
737240
857704
120693
851185
740930
811361
618091
252067
295777
264824
237946
743630
209984
233715
278065
734861
563774
913978
970052
397103
528183
258385
31163
101559
176426
190447
925586
831935
621562
201999
441161
339826
863332
304332
855035
785876
294323
936712
541095
614777
685893
174468
33265
807788
837825
459216
973926
851270
772584
623447
447507
9765
527887
774094
40301
37805
63631
807833
445144
218207
749334
510960
112882
49559
124914
787653
187023
19730
855398
220598
70251
837544
847690
852553
730578
397628
860951
700818
658955
476607
655739
693629
704741
986191
104167
990277
100248
673138
728860
944490
192224
566512
759654
823553
218806
47987
25719
558693
87332
814113
705538
362606
140559
607756
237894
775070
353745
642073
457345
665555
604857
167467
387924
305991
644417
510035
889808
661386
767748
56626
672876
835033
447535
372324
15389
936047
167080
86915
533748
122581
851546
699239
102884
581980
437952
857
15816
216200
278636
877709
865075
54861
882789
280691
616360
917966
544798
560615
556900
701076
848530
820649
554511
498126
111858
62240
331605
816975
298169
650105
785915
795182
497377
514950
402933
456107
105182
264345
358983
742362
154120
87728
536405
642899
740970
513736
733562
177104
500161
771424
897414
516471
770383
755290
131208
61221
324082
456547
335382
394288
483877
192118
565635
215161
243741
403889
822912
519568
575735
863214
594383
143128
963665
850211
717636
925568
951351
645041
790574
90776
96526
481369
927637
463165
823721
306399
623798
160796
22457
458152
486358
453566
591474
901771
384880
486601
316372
725995
2213
13897
886513
145153
268481
761723
469431
141003
679694
725860
163087
674217
788348
280154
469087
749478
366546
982085
303983
394044
959033
199632
946311
853797
960309
164133
55881
866604
53268
205724
632799
857614
59194
819137
247887
898599
714091
332864
632846
956330
4565
527555
970695
821414
661051
474686
384634
833217
500367
497143
461911
574390
626153
121948
891244
701738
468229
712572
231840
886270
221970
597710
282794
106454
859136
596308
773978
85159
325411
525955
945300
769513
65277
783923
385507
34782
433138
699431
390711
152658
787454
350561
33134
239002
699582
162341
92803
391980
209431
822347
176111
120783
592344
420083
140704
980881
482169
136766
200196
532994
462172
750989
765995
461834
661266
42273
966256
210688
106529
82193
498753
657010
503140
992547
960259
751824
897329
419673
780204
770692
114436
232137
87422
363703
826255
461776
254951
28466
24988
441587
248860
310829
28469
720527
792845
37129
33433
857768
592767
851458
326064
188907
207031
435121
129889
462755
804565
404561
864824
878269
468467
4405
518323
115384
29892
567260
238548
881940
294566
317607
778017
606904
163871
750939
223938
342818
436274
863738
756230
951726
350201
468589
439807
97384
559361
724633
624955
775060
226316
150496
837315
372728
456950
33058
22482
429979
572117
768411
774960
208678
235029
386490
83868
860757
740368
792645
292003
279445
360696
810443
222180
627021
179812
744838
778726
721785
189123
869218
778160
310103
512538
521953
873587
322497
196924
165645
544047
306530
166370
458774
410196
266996
941764
439229
680894
790603
108318
461946
889235
820291
154897
2551
775104
286467
919468
549042
56385
563548
805675
525948
121097
890078
209499
481822
470438
848607
385989
809772
726939
179703
754640
201866
549271
807762
493450
176809
348249
600654
849104
492613
593218
846653
97455
98990
355692
625064
439869
963954
341705
474883
866506
557465
88854
344927
60322
434735
57376
115475
738314
397774
992956
2849
545440
920255
729084
836582
808292
50450
430909
97146
506750
566367
15821
167649
153941
45055
204183
416759
90938
167662
124512
204110
215375
659577
291530
959151
483572
933266
788330
923571
729158
551712
568595
185098
907656
552459
357066
330196
971424
345304
427774
829368
657768
357504
490585
455798
216279
275133
723407
34388
763385
422109
157520
270888
939023
271957
913948
230994
107272
571906
535855
142735
735808
268185
114741
19959
973411
986541
264213
270174
855886
566766
148711
59369
73300
726985
561108
2729
748462
994250
294561
903647
745093
245081
458165
10277
991680
780378
487103
514666
510439
73953
790464
899492
565281
551337
63524
911425
707112
686425
33927
349523
241163
876153
48529
826231
950239
472780
923085
399978
629584
544407
31862
547219
607816
318133
323777
253282
978645
344922
590805
81675
628212
224746
882793
969487
51206
655267
634813
587907
27516
495551
647307
128799
16039
520562
948977
324538
741112
974404
348232
574978
206130
943500
490073
486603
302767
65365
750398
574027
188687
611704
234634
406196
650159
36589
978103
216127
444074
391436
562097
360599
954681
84233
694053
236300
682815
391079
356049
618793
877075
309585
361980
366910
18450
77248
515908
740897
825659
289089
478430
225419
880225
874553
610155
910026
438592
835824
110079
636526
483632
18133
990374
388477
419427
172545
459890
11297
919039
785366
917026
807857
285689
473607
838297
45687
170210
326468
309992
283362
42868
113360
694294
631343
866142
748429
252745
275054
876589
167273
206480
815324
522398
86323
457743
233220
817161
831388
187511
623747
512164
646104
269968
954790
906867
247452
502746
967759
408718
481869
74116
674061
327602
838239
668301
48154
197723
887510
674307
100811
691034
575694
208229
731922
112145
666808
897743
523636
629480
277096
506721
873559
69560
599490
942865
354205
80715
568120
986967
722544
842008
242668
635516
445485
389151
640863
566385
619626
781520
84786
874092
689861
209689
507243
580199
190685
359588
535032
585964
116273
580058
204777
462694
73451
302404
151728
79246
771116
67937
711441
140108
43798
628172
729220
190680
810724
569147
47519
674725
89241
693163
891239
292189
997728
25465
837803
832140
19154
694562
62894
378857
850824
685708
440813
742221
249188
659620
163598
993906
876761
26191
571270
55794
933174
995007
445091
876085
989190
504834
388772
863382
484233
435424
161043
610539
51930
906232
633992
184410
106938
261936
743202
757814
953640
330563
201342
928925
452945
971296
948281
387413
265411
643093
12691
45174
710541
977531
975875
368564
62949
356561
64058
856342
714475
99102
348282
442051
489442
516842
247773
359482
596900
915572
878764
918365
823415
823431
757826
992168
563100
763345
344596
99235
569342
96294
345561
972879
934509
644773
151873
453139
504113
255871
876252
265426
584783
940800
20152
673941
749718
84517
796012
656400
291275
571721
670057
161835
496423
254255
938686
751192
531819
874136
14808
927596
464123
785381
109590
763542
813854
898039
979066
436745
84366
117046
725319
470154
794975
141768
650729
719719
432852
662868
553877
546341
723626
612981
203061
357737
891127
975685
637911
430441
730424
667268
125051
329679
751332
666844
569408
242614
731231
359287
628750
271920
252589
198158
652839
400449
607009
407781
613809
203772
712209
392443
523277
989130
71157
770423
333992
34595
732905
927851
119970
700718
1062
410523
58716
59845
576258
253843
271172
152154
97552
304742
272290
577497
459668
688041
698190
921922
332195
870614
782303
517008
647094
634151
293689
674185
687215
258588
78893
611170
821487
327418
327820
767028
662425
87516
228487
333757
613765
981295
474144
322270
836041
914633
385332
459820
685941
153666
638015
756745
14699
814190
86925
164129
673807
993677
771145
139657
751147
730996
248660
668854
329568
484956
95517
872442
856423
827860
77143
891446
29527
602805
206283
284460
177316
159067
454372
287900
172936
221512
802288
987932
324194
122171
341251
452047
697848
815251
824685
381315
509787
809062
773432
707385
666029
302808
571832
223316
320021
176265
761398
918320
904487
915339
889129
727675
274937
995478
535734
748102
598120
335525
528723
533141
193667
254660
711869
724913
263899
501290
344640
512787
741010
647148
763345
934881
962496
796760
932900
36270
474550
242262
837719
263635
618016
341181
786246
891686
68279
856918
148902
60288
11245
35064
895363
652051
573150
874883
418924
137257
411576
205871
798204
611322
625091
847377
583805
600167
513837
563030
152653
203448
686165
224385
438241
826529
593047
631229
295845
729251
759858
195614
204853
348411
434029
690775
113458
816488
39913
813806
307958
855489
269200
294432
124636
775317
830339
986541
735853
201616
196280
385367
593247
838265
985408
387580
997864
352736
777381
149244
502447
449545
456995
646151
557413
135350
423603
662797
359309
369687
742871
951886
946903
220517
731969
376184
456225
927020
542603
917936
979933
611846
854762
716705
622795
814939
798830
257346
487170
418090
52583
677359
967664
792213
565123
467410
279713
293589
387885
671075
638014
323948
460896
385890
347245
356688
997541
918362
473350
514760
329467
337002
177405
283195
241143
465286
320461
248049
368787
535273
537369
204301
970115
426168
67517
378561
660604
932685
491766
936488
917858
165710
903875
658905
982324
975478
2833
290298
509208
579333
305703
576882
911366
806173
491997
882562
803168
855421
165347
191902
570909
917701
394385
395671
601414
857796
742544
299804
442816
83487
153800
623862
405694
53419
210474
963208
119807
429121
876143
566838
554815
533747
422764
179209
907548
623079
908789
809173
198611
587008
604227
108376
645045
608543
455489
783727
662451
81029
525323
905208
360780
871554
721237
70341
248800
944633
206088
516267
194442
883389
293947
100082
502537
352161
301169
368690
479031
557050
91017
200556
914257
132120
167214
779413
453079
290857
488490
447475
5988
13297
928644
762270
117575
237614
465057
760929
499158
166815
74928
69663
996251
674873
448259
970194
661489
844585
711663
361460
800824
155336
919032
982323
121165
939609
360494
920256
828605
215962
724837
294625
958483
694082
423283
370486
110885
477695
80109
859705
962140
778394
590295
706412
295472
234986
398082
815124
59409
521292
512256
380412
33118
501505
274886
247484
857244
757502
598379
360083
23990
97791
102481
657762
314249
6591
807812
902347
375363
348036
734083
200597
357650
196408
468769
559121
300157
729671
601402
813022
848729
243536
936554
263961
9745
823190
330313
614678
274744
517567
942367
843387
720978
905253
525516
814308
423460
626931
730132
170990
188733
166360
368790
610854
831168
597189
578039
647569
269071
278193
802652
311388
395047
495799
872996
376341
222841
805119
301978
153189
216597
190185
764858
18613
266189
11039
695014
954746
295330
330129
616421
211567
853623
86330
552986
796105
608227
937391
241280
923415
839244
963068
91606
340163
791
722982
511866
950302
511513
978208
572795
589968
857438
740869
648919
982468
6128
937634
893332
701549
6975
52419
205097
174137
889008
282604
177972
289151
228633
756488
90161
827111
361264
144528
928354
276436
339441
451725
696956
202182
735721
447066
889326
557873
703679
442089
274826
821507
345276
194797
207694
684345
71089
25305
308868
339781
210533
507443
789951
363546
73982
512700
765678
358043
430491
49983
946996
609451
866236
422260
355930
723275
661935
438176
597830
502651
671989
813931
562587
901951
716878
55409
188777
660873
776313
675496
15211
316739
471562
189979
601358
692044
185851
657419
656756
460998
856023
585755
19001
20787
398275
52734
370530
363479
493635
982954
712114
590890
950881
497020
32385
889319
975764
857420
704541
222744
281707
742480
113088
555410
36470
414258
188641
982956
357022
539009
122259
224728
98156
907108
523614
342397
7809
487240
412886
602708
736870
644597
38737
17162
869196
424054
8728
103265
624179
774626
661460
274213
801874
732735
275088
520665
860880
419709
421852
629868
265287
921341
783552
855363
472743
355541
322295
44219
277780
886064
497843
582297
622547
74510
234028
716128
763915
747626
921702
728939
566884
249641
260909
159770
74710
684543
586261
529048
425078
501850
160169
16493
679076
630945
352375
311302
834992
544529
435806
963831
953613
999332
316602
487171
373070
611543
466671
418699
281643
552515
184002
98922
341470
980689
817828
851464
835787
389072
854340
617267
662487
85306
456793
58106
343684
659441
5872
846877
980850
816275
221410
500800
152269
711680
797433
460056
73552
659833
275736
666215
754585
908943
566915
759192
489627
11351
956053
724177
216027
328315
879653
109756
608061
562991
783242
492551
155431
289548
260380
980037
234687
164716
609272
230969
877181
384421
202028
773851
98541
526007
368948
793252
359965
675154
561435
96707
590218
781242
302477
234494
641383
575959
468368
276469
529825
940412
927241
924226
837769
855995
586193
215758
638725
718300
270325
212259
443338
75016
861073
996084
821835
312686
642886
917481
43183
661589
977026
187251
617628
431673
913832
337572
954417
996864
153570
995545
828887
451424
24283
623023
134533
378071
773827
26783
915841
488833
66181
284794
508787
927519
784395
957409
694417
804885
366629
239789
437946
918989
787782
947150
63341
944425
306911
83931
433562
229683
523756
308801
595123
381301
2946
382381
956079
812153
796625
763876
698335
278178
959791
376444
471150
381672
966121
799361
100534
300024
835713
278524
720854
463108
876482
79772
703337
895867
431230
718355
413674
150064
268413
63374
441142
516984
413405
900702
955464
535717
102883
19489
510075
136413
921163
931683
420349
911221
964512
626018
188538
631497
256245
269348
49519
146921
352372
791050
620170
379351
872959
541487
677685
125123
268231
776863
659818
584278
514656
511913
9656
431108
564755
859217
524095
880640
959972
895439
862704
273221
995532
575737
502121
747804
380535
316124
261249
581161
509613
573962
543954
452566
164874
731477
931935
152725
674004
230780
209286
892626
112086
418934
780209
732946
466843
760498
781497
939883
899748
319315
207934
235965
950074
626394
944770
464737
213107
493723
594052
893830
250772
418787
403841
82457
917353
924161
453716
603282
988454
642627
23742
795122
529309
174363
17878
320027
208357
437990
947425
443520
450151
589336
775326
458435
605174
563377
785545
576058
306219
80321
381921
880345
461590
659950
852246
459683
545248
853047
354379
687602
787866
657084
148512
483488
632860
83164
631688
108958
210963
883994
478232
502714
461919
507694
317801
101965
855364
946330
177545
293927
789626
85233
309805
362911
839583
522690
254381
554733
309764
661931
346503
986864
768706
763936
611621
882731
741821
130430
587560
317399
777739
920990
90973
514932
699034
704282
22109
700032
666203
963063
31755
7647
573811
781300
250234
967939
902599
538253
68413
516682
869932
463542
812091
986577
502910
970819
152877
78389
596251
899732
145574
778578
735622
223343
618881
410070
616835
65616
39888
994898
313952
414456
925729
963332
971065
162834
329194
513044
275984
638094
106251
153870
354495
230655
475545
876508
834033
531270
824735
331226
404391
824030
519527
539883
712979
243109
285023
973842
851191
169491
174108
404019
565282
48460
690904
424994
188461
927152
894472
59976
283992
659582
108590
611811
274096
234654
973638
744032
996846
184919
301129
59456
94643
662873
697722
72443
205025
479882
139508
279288
434828
480148
183301
355051
441972
747430
541109
226962
399948
914240
463057
975896
600722
630084
149156
900053
618571
110662
912178
36186
383143
148951
161467
398222
310982
801802
85283
978191
365995
37274
50070
204829
337550
243809
762925
614438
323968
458712
374037
484253
966462
636156
764859
54926
582269
37655
644069
494606
478815
337857
837603
458649
868231
571524
225587
217210
164236
329538
334985
287604
753691
721330
446323
305964
22365
212935
924990
815174
88834
189171
393435
122017
344619
649877
745918
170104
576587
731898
456441
235041
404131
682459
264815
279864
733985
476038
473872
580523
954561
880000
291974
375078
215426
902221
810694
377331
522081
923384
138798
773028
535829
199175
607820
502874
601118
115013
926721
724295
736064
236410
170082
647199
855877
122395
36780
881908
45617
370863
665642
719512
763527
172641
493680
415829
395098
464645
601744
388600
204281
923074
705927
877268
142876
628332
209676
787596
683633
412494
921143
102087
306477
788843
490733
130784
820906
862969
73079
729876
64383
638917
374615
417689
528708
968779
648546
664812
527776
268438
144023
5146
360057
637732
850497
195186
896843
615527
846111
839364
714510
943110
225593
923190
28293
692306
479991
227408
254058
672480
319389
224946
287849
455612
656006
401272
996883
883658
555054
752802
921983
366961
566335
345466
774198
975512
594246
922015
58588
559391
97004
266864
335002
146145
184917
83849
509843
406586
856937
492073
69832
315421
983259
766753
597836
899100
510021
347457
396755
272633
549408
117210
632309
107191
41917
468392
349297
508018
67417
776703
812763
428982
644286
216941
472930
260680
760117
249725
89845
945355
71181
758823
703247
185808
288243
232965
668674
267898
626104
231589
513290
292643
746414
583981
434508
997966
64265
776876
212562
619506
162652
628671
273114
477573
701537
783082
655590
850456
5880
596506
874669
402365
222955
825469
589359
597828
299423
442865
402155
360006
978313
751062
187176
589484
650218
171135
694301
268119
716999
256906
52885
158933
370533
671955
666791
675919
695460
727419
498194
775636
636995
270085
734413
429659
816074
433431
256681
661432
996338
861219
66557
601531
751389
46362
931916
764753
506529
927534
540036
628459
346179
344255
515128
103599
606572
630174
54310
589384
734172
413647
261033
695760
799578
894932
564589
597437
712949
31600
53427
279186
726600
286682
189170
310045
514520
332414
312643
951926
780645
722060
107246
356648
17544
951552
324854
509970
436922
922561
307089
422069
337020
712570
657658
143283
88140
259007
540994
595327
410203
676616
914713
902700
307735
101902
104586
113579
755455
759432
65003
72912
260886
623771
590465
571638
176057
332830
703253
333054
658319
837559
295892
213327
792406
56743
467945
601118
778836
788756
199817
346526
505663
77017
146041
390259
58132
681176
444828
488813
962668
122642
806568
856334
992175
498541
546428
44655
198166
952558
813820
429542
747048
931033
841190
865530
320850
545137
311166
340429
33258
547064
753521
990677
879153
738664
267948
489098
28245
603984
733783
285022
563633
475978
277365
843148
266352
549024
794016
567123
261596
240671
979326
31036
865995
390105
432806
126873
797608
550465
935043
116324
810130
159477
69026
392078
168188
870502
971078
35510
562930
920722
767864
48407
392942
685889
503022
734889
401099
447836
125216
243167
886172
990502
594215
401822
834727
884827
922526
179080
956770
225902
979069
914986
862097
25937
962111
639590
276093
605946
853968
450457
816806
642160
197012
665146
688909
314187
444188
968270
945735
179582
838518
484317
824183
500798
185743
248384
587355
206685
54398
928655
431845
539247
604671
28889
770115
176505
146686
38278
720091
79161
540617
819429
49764
530464
8408
220666
302384
463503
131022
207411
83023
568419
104795
242200
43751
928570
242097
778423
178702
106587
925268
236242
850104
663559
714604
340328
624066
622174
174508
842696
992694
195358
937454
315022
563652
851680
695118
699874
391690
447746
538043
52636
168747
501462
385770
638026
982973
71455
944189
438264
79041
713661
351361
338178
904656
393176
969986
856587
550448
441832
996693
378178
789091
814653
234599
428993
580526
12369
99236
328893
478017
789789
445171
160727
949847
127775
297282
63085
817363
765754
163403
666047
243467
465142
533747
465236
414730
874641
905891
625612
5223
441412
486315
660683
987407
482001
913354
59768
608980
82082
331156
175112
367163
886733
609080
80708
430484
188245
66611
571097
283844
104875
425158
950917
184338
804788
534669
740314
864981
462291
562987
917643
389304
780883
505459
669942
536985
876710
823346
396623
773204
847691
682733
911083
584971
216254
930816
627526
672179
984869
654611
229900
852532
808206
924792
499325
345893
669895
625751
898272
157499
343075
76309
808979
296274
161990
183027
834947
55327
742306
58392
816288
535052
812859
498472
92353
752278
202562
649013
70654
70519
233931
951787
33151
115533
554091
661036
139558
78724
639695
779098
549694
675135
509370
413406
244548
522239
558615
451543
690683
330227
378516
464664
361769
855654
276298
17669
717375
978326
123896
639980
439207
323703
455511
958676
552885
161204
264147
17431
859797
47575
463274
2134
458858
914787
79991
153568
300316
698573
333129
488886
104197
817157
405825
721326
764445
54424
535287
987071
831040
763490
509345
857954
29812
632048
98089
807391
48009
202901
384139
164724
414636
273117
969775
381757
133242
588550
591103
941514
516319
732062
554406
693746
982974
519953
817296
645593
888872
783704
824701
681636
150193
975390
864313
234353
333814
256479
367637
323742
876462
149943
98708
448431
680833
902599
583727
1446
486931
389114
442610
673030
248878
51324
334460
403205
632807
694492
686474
722309
461482
599280
17994
629381
160705
59043
996144
88870
836080
942064
845208
695770
65112
42199
17271
241193
823569
706445
703778
263266
326706
399448
711971
700243
450180
825084
441446
932184
169496
703165
674557
147433
885839
94049
997824
996433
301648
12835
522000
902158
710333
312927
100983
952788
372563
652138
394674
838481
112364
216573
944804
675022
199228
345898
715784
454994
706488
781324
560326
857563
68009
776176
445657
685243
997370
139042
961846
801596
689969
266874
600152
126474
237257
203886
283224
350334
7316
9037
315430
963704
58278
70272
327873
242729
385390
478077
373354
272034
960921
991026
707161
700716
978298
548664
701408
240250
406952
532878
644978
165356
534179
754871
855437
133740
227501
762532
150909
823095
928304
945970
98296
889103
90045
857073
258344
548478
515178
66444
706016
869944
142289
341845
750015
558030
582106
265494
727243
560603
13722
470459
282656
299388
529683
606198
122931
547777
295758
132672
837065
89277
795128
506139
969130
449112
380769
341626
935132
770595
359184
771603
228969
531592
449769
612654
637738
53609
633675
869393
970386
362016
49858
584300
836428
711817
265092
671631
691293
11415
961551
69170
74917
605631
763884
832640
268028
176654
785172
915788
774062
477119
905896
918192
18434
39944
457046
936337
800355
994657
419746
489192
397177
420868
79932
850967
654458
997017
873233
533795
679073
548376
438477
550446
200905
417705
739997
676717
587281
642229
112349
760460
939935
574255
408758
268891
211619
877159
222738
352310
977964
440810
764977
663797
152022
898915
276585
277237
268815
506611
275022
918763
226718
591454
5208
592439
152735
204220
992501
670162
82639
382710
420156
661791
631151
104012
56827
409505
53035
669262
571731
667254
407859
872726
672889
775969
56866
341021
475710
365108
497580
221335
225346
772761
617132
508487
644377
156144
632188
337270
225182
107050
888252
132825
927801
353509
46666
699418
766014
826944
894519
186245
121975
26814
603313
438147
491876
329775
718909
819656
988693
324461
825373
277849
826117
136183
418803
976231
510050
335613
930191
383468
571069
496496
543314
744891
868039
71802
762612
303386
636965
898745
208280
356006
548403
525114
29517
775114
118569
371581
71103
143998
620699
613009
202644
689275
432266
287442
733054
818131
760430
884049
324545
72315
983297
802889
216544
682656
8443
582530
931549
834998
520010
456338
28974
35115
410540
